-2636.4689986702
-2628.8284745237
-2649.9359827760
-2654.4876062080
-2644.6457332637
-2635.6523593531
-2634.5286926696
-2654.3122464347
-2631.3347704830
-2640.6504840259
-2633.4750119111
-2623.2066681715
-2631.0603585474
-2647.8214084309
-2637.4647366422
-2639.9156081252
-2633.4309034274
-2643.2678458803
-2623.4588674695
-2629.6680591585
-2626.8121426396
-2624.7304098450
-2635.1748672366
-2643.1707846562
-2657.7613962102
-2646.3937016489
-2633.9067197646
-2648.3005492682
-2645.8516985169
-2650.0939892158
-2640.7020350467
-2625.6984990442
-2639.2632101839
-2623.3343376477
-2614.0448982217
-2609.1427340840
-2608.8501870017
-2615.2856701334
-2617.5677952762
-2620.2745189632
-2610.1898746913
-2611.7147115326
-2620.8873280770
-2604.0599699499
-2609.2334227187
-2599.3931146172
-2613.0902992085
-2623.6019181919
-2623.4703959141
-2610.7638982989
-2629.3108585278
-2614.9309638313
-2627.7956891109
-2607.6296583888
-2606.5982100370
-2618.8189071190
-2612.4164035808
-2627.1528185529
-2613.1948722681
-2637.8172287790
-2613.3522592741
-2615.5087722019
-2651.2601086778
-2623.8437991138
-2621.9946918988
-2625.3736137012
-2619.5660469475
-2614.9985463098
-2607.2081188495
-2625.1439211311
-2617.5049011998
-2632.2824949472
-2636.2442100339
-2619.6565052770
-2644.9895597226
-2629.0549272369
-2616.4077851171
-2656.1997799347
-2633.7303316391
-2622.5328217048
-2664.1785733952
-2641.3565502333
-2645.2168041593
-2637.9671438348
-2639.1201609334
-2625.9798250948
-2635.4705856118
-2645.9510118396
-2625.1242424119
-2612.0619551263
-2640.3626057645
-2619.1623024979
-2606.9306718575
-2622.0421700444
-2626.1683131829
-2624.8769673208
-2615.5134838431
-2639.5218087363
-2623.5748224092
-2603.7013901406
-2608.8094615776
-2614.7625238155
-2595.6648470888
-2594.9875693636
-2591.7886223518
-2601.7841508394
-2605.2243980864
-2617.2947309219
-2602.2877782537
-2623.2370152261
-2596.1229014790
-2609.4670855886
-2608.3774997531
-2616.9111743059
-2624.3076105758
-2633.0135018023
-2613.5426726404
-2624.0652760271
-2610.7993808165
-2624.2389807945
-2615.9596400984
-2634.3066436001
-2626.8936903785
-2631.1507501096
-2620.8926329751
-2615.8920804758
-2621.4062416485
-2615.8086045923
-2633.5623526270
-2614.0827332158
-2608.6301202139
-2626.7266252333
-2613.6372517736
-2615.6049371979
-2623.6281342519
-2626.6835315403
-2618.8722893560
-2624.1358537455
-2640.3226069882
-2631.6654727471
-2640.3445569080
-2621.6891134740
-2614.7839350248
-2626.1868206521
-2636.3568722897
-2629.1551085158
-2633.1489106395
-2648.0363379189
-2638.4502616860
-2616.9231326321
-2610.5664160940
-2618.3685357918
-2606.9042880963
-2571.0804274893
-2566.6949942762
-2574.1570218920
-2579.6856809626
-2568.0987396330
-2569.5550285519
-2584.9469800474
-2577.1497520097
-2572.2423784735
-2560.9780289356
-2560.3882835843
-2566.2778605153
-2559.4250702573
-2554.0625908053
-2569.2052242411
-2580.4118142909
-2566.3452525138
-2578.4540913223
-2556.2886776138
-2564.6688281906
-2581.9198708442
