gene_id	0	0.5	1	1.5	2	2.5	3	3.5	4	5	6	7
AARS2	10.24271254	10.39005571	10.19157953	10.33769688	10.26111877	10.09064427	9.965501307	9.811354835	9.75735987	9.738508293	9.511962485	9.54668617
AARSD1	11.05556625	11.27177056	11.31182351	11.41536066	11.22113809	10.99094177	10.88270717	10.9417638	10.62357984	10.60896116	10.27884171	10.37761388
ABCA7	9.456439123	9.579838513	9.676847251	9.550046917	10.15636005	10.29869408	10.66977831	10.08938258	10.68532668	10.63879013	10.65894762	10.62079312
ABCE1	14.04390334	14.03118858	13.75632159	13.91894999	13.40340416	13.38533951	13.03051387	13.34068131	12.86853945	12.71956196	12.33894779	12.39731076
ABCF1	12.73490202	12.84689611	12.76467693	12.85828069	12.71127012	12.64435012	12.52742915	12.5192687	12.42686812	12.32812076	12.03829154	12.0795046
ABTB1	9.185210523	9.3771742	9.598998511	9.457935302	9.924446279	9.9018255	10.06500682	9.579340857	10.06784472	9.607684822	9.708614787	9.560008234
ACO1	12.19538229	12.4971674	12.93675269	12.70475827	12.7865646	12.37778948	12.30860979	12.15459145	12.09530863	12.0272908	11.81495684	11.85999429
ADRB2	7.635353129	7.670071144	7.327561628	6.993971566	6.964231051	6.947491215	6.96828927	6.953071641	7.025699169	7.220335932	7.131582539	6.99690825
AGO1	12.14445973	12.48220343	12.71707624	13.12038813	13.44998222	13.72061543	13.9363935	13.94502506	14.02665038	13.90058949	13.60959961	13.33127688
AGO2	13.26992708	13.30429425	13.38654177	13.24434469	13.07941165	12.95748241	12.77402249	12.95054714	12.69495758	12.49662511	12.74067652	12.64122757
AGO3	9.818945956	9.591691756	9.912853704	9.846279777	9.953398614	9.952018443	9.787184062	9.968092736	9.972128916	9.612473368	9.939277158	9.653471816
AGO4	7.784515844	7.690300349	8.178608564	7.948178208	8.486132261	8.497197431	8.855865062	8.591152077	9.217359658	9.075513083	9.596065777	9.499370942
AIMP1	11.4802806	11.40453624	11.51260271	11.53071379	11.47571467	11.33326963	11.17419952	11.25055245	11.06179019	10.99556	10.7112357	10.6490805
AIMP2	10.68373229	11.07845763	10.74886047	11.09364403	10.37238509	10.50337928	10.3018346	10.51046916	10.05761139	10.01323368	9.5978311	9.803719737
AKT1	11.61513351	12.2781312	12.29633677	12.59641777	12.70772317	12.82002663	13.00246239	13.04429255	13.1174408	13.32537365	13.38740561	13.40199264
AKT2	11.58662469	11.78116342	11.94335339	11.97841955	11.71956195	11.6864355	11.61885267	11.64665924	11.59281774	11.46927251	11.40731783	11.35218025
ALKBH1	10.3329872	10.42653189	10.29874652	10.50157187	10.29725355	10.09400518	10.11154357	10.02306433	10.08957426	9.82901731	9.798648862	9.792602006
AMBRA1	11.31553988	11.30346687	11.20359549	11.35276221	11.3220309	11.35640362	11.37881899	11.42268319	11.44649992	11.34960685	11.31848607	11.40698597
AMFR	12.13384759	12.30742286	12.42288585	12.44745902	12.57812168	12.47498896	12.55858359	12.63169296	12.59337298	12.74113232	12.93353182	12.97745239
ANG	6.55116931	6.421488911	6.640568602	6.392044712	6.545113579	6.482840796	6.522331642	6.468215312	6.263344712	6.517553933	6.504466038	6.482230065
APOD	7.192368777	6.701523425	6.704694434	6.518946758	6.604438026	6.612641938	6.771591763	6.850129561	6.972586113	7.400179601	7.609374434	8.031535297
APP	11.71952345	11.62368278	11.92101817	11.56135423	12.70768009	13.02214352	13.53582929	13.40926681	13.62700049	14.16576735	14.83517999	14.96439745
ATF3	9.56241885	8.431451816	8.328208948	9.039366691	9.139764574	7.659010941	7.71046745	7.588642678	7.541881909	7.934453308	7.741790667	7.749691738
ATF4	12.68709431	11.56817407	12.18931129	13.19918934	13.11932606	11.68387295	12.00161275	11.86604041	11.76063796	12.01832748	11.63342968	11.6488566
ATF6	10.28170209	10.38318002	10.45870188	10.60342461	10.85478539	10.74262288	10.7377435	10.8046193	10.7914387	10.88376464	11.1626349	11.07201525
ATG13	10.11735965	10.53846864	10.28517047	10.4158694	10.39020613	10.64589809	10.58773026	10.62682276	10.75333675	10.67048867	10.80833289	10.77770499
ATG14	9.361110317	9.500884534	9.404216353	9.291039485	9.384167314	9.432745599	9.588420565	9.513688086	9.714813576	9.599524864	9.571859157	9.474500123
ATG5	10.14812236	10.45680442	10.32801069	10.41633144	10.07917323	10.34874418	10.11583879	10.28191209	10.11085618	10.14159463	9.923608159	9.838350336
AUP1	11.11628078	11.02002458	11.05317158	10.9678463	11.20893499	10.75868835	10.82741048	10.72894316	10.85188627	10.76787688	10.77218267	10.68154783
BAG3	10.57083243	10.38736124	10.28760358	10.1464772	10.2452804	9.924993494	9.860647665	9.397330267	9.317616052	9.363624002	9.326356138	9.440553984
BAG5	9.870314264	10.11173609	10.01535675	10.25777379	9.995746262	10.18403259	10.16008833	10.3579857	10.29036823	10.36416763	10.25866115	10.27805428
BAK1	11.60820023	11.46832009	11.29276105	11.5722904	11.22496466	11.10233148	10.97150251	10.90275622	10.75625311	10.79738952	10.71446588	10.71840049
BARHL2	6.583666909	6.477794012	6.505108431	6.368552688	6.322225915	6.316903089	6.410491392	6.474644697	6.60661561	6.865974801	7.093068887	7.11780999
BAX	11.80776706	11.8941151	11.73641288	11.71788023	11.55482585	11.72216839	11.53740138	11.4439201	11.41446942	11.20449179	10.99051536	10.82415332
BCAP31	11.22113669	11.28542044	11.10057262	11.1105347	10.92462823	11.08127074	11.00018503	11.07664945	11.01530746	11.11855608	11.17276394	11.19784381
BCL3	7.330839515	6.973220984	7.063139042	6.901660273	7.017627776	6.963554238	6.930491498	6.81443934	6.796880949	6.868486286	6.687925865	6.745274585
BECN1	11.49977401	11.43576744	11.44624826	11.61268816	11.57306336	11.59819811	11.63551185	11.59416977	11.67117718	11.69340304	11.64827539	11.70032836
BFAR	10.19743181	10.41358246	10.29813718	10.12350563	10.32275252	10.3025084	10.37631396	10.365397	10.59015323	10.69990244	10.86719229	10.82125686
BHLHA15	7.561474161	7.815409276	7.419634382	7.53728271	7.400199656	7.58315244	7.233337944	7.059777191	6.875128987	6.895990467	6.697195125	6.550627917
BNIP3	10.20380866	9.538872012	8.97011003	9.477951889	8.874383331	9.273261721	9.109710649	9.25176173	9.081490738	10.84585966	11.68418755	12.27946104
BOK	9.54382636	9.793547459	9.544711355	9.49524659	8.907775372	8.698558677	8.355897383	8.227836132	8.211983219	8.111898528	8.0083104	8.231080996
BTG2	10.73799618	10.73420897	11.13135689	11.04098039	11.3723245	11.42487276	11.84426718	11.4823503	11.95767635	12.39567602	12.42558009	12.09853748
CALCOCO2	7.031326554	7.26469816	7.079165594	7.037330097	6.878275662	6.92046806	6.891454666	7.124970628	7.05921408	6.672214069	6.976134777	6.737239504
CALR	14.08416568	14.54484732	13.40919741	14.24491877	13.4556644	14.5666481	14.27882231	14.36455393	14.44316236	14.75759523	14.61375812	14.68319334
CALR3	7.607463888	7.470407552	7.408646088	7.385859408	7.459239903	7.252976663	7.142446831	7.045048448	7.153035646	7.184378784	7.36830536	7.296777129
CANX	14.95079984	14.74953694	14.67217665	14.6345549	14.53706252	14.49947204	14.36422063	14.44861049	14.46540492	14.58304716	14.57178296	14.50643011
CAPRIN1	14.88865346	14.91526944	14.89789207	14.96014681	14.75046386	14.74350837	14.54163399	14.72040675	14.50262156	14.37411734	14.08209938	14.09997506
CAPRIN2	10.77872947	10.39404011	10.50192845	10.22670124	10.41547487	10.04465207	10.11410288	9.785763605	9.917840052	9.553291454	9.844832246	9.856411181
CARS2	10.10845751	10.38937051	10.09953107	10.22548533	9.938176249	9.933232883	9.794072179	9.828525124	9.711157397	9.653828465	9.5571089	9.51605314
CASC3	12.25352108	12.41283315	12.38984319	12.5282671	12.35750177	12.40406518	12.29247086	12.35053813	12.33209624	12.24124569	12.0782288	12.09890422
CCND1	12.57394941	13.49936387	12.69879438	12.78495997	12.18504633	11.86126997	11.6785606	11.5484163	11.21049058	10.40089915	9.200830688	8.949831919
CDC37	12.82517253	13.00542483	12.97638832	13.12408963	12.90085514	12.73287543	12.61417524	12.57699192	12.50411922	12.32434868	11.9824325	11.90745038
CDK4	13.92324168	14.27657954	14.2063963	14.60086389	14.18422072	14.2257745	14.10505424	14.15207367	13.98429894	13.86088107	13.34058202	13.16722755
CDKAL1	9.699510651	9.634906679	9.910325577	9.779938526	9.921585424	9.595512867	9.482764801	9.52746056	9.402156498	9.339529554	9.241279372	9.203177179
CELF1	13.36707606	13.42444833	13.30306637	13.37585592	13.02692865	13.18614706	12.97402605	13.13351141	12.91809025	12.83383971	12.6399443	12.5741038
CHCHD1	10.51322711	10.60832541	10.76355174	10.86196786	10.4950658	10.58010468	10.48685696	10.56911552	10.2032461	10.20433213	9.900703546	9.895891196
CIRBP	9.751247354	9.456416758	9.886434544	10.1141736	10.07380214	10.44193951	10.6385153	10.57363322	10.92898804	10.91714792	11.4071265	11.4805608
CLGN	8.560001066	8.758172774	8.369529534	8.148816234	7.836870101	7.96189156	8.019708205	7.830151888	7.920804381	8.113419873	9.323169696	9.680867488
CNBP	13.80534488	14.11870433	14.10573965	14.19942385	13.58768509	13.54859838	13.41160884	13.5003095	13.18969021	13.10061054	12.82397205	12.70614154
CNOT1	14.55789305	14.39970575	14.44885655	14.24228841	14.19061669	14.01183313	13.79222278	13.89831673	13.75373752	13.43405499	13.39465372	13.19219509
CNOT10	11.23865311	11.46795075	11.45218125	11.60595388	11.51249723	11.33999398	11.25510503	11.18962705	11.20568036	11.08977992	11.07692765	11.01757957
CNOT11	10.98299813	11.03115847	10.61851324	10.63629515	10.45381358	10.42608444	10.35661574	10.37474047	10.30493786	10.24976581	10.05713863	10.04990981
CNOT2	11.93031218	11.94350584	11.9084293	11.86636847	11.82212927	11.76196908	11.69454915	11.73752602	11.66263081	11.61014454	11.50157816	11.47791277
CNOT3	11.82183281	11.91461815	11.82052594	12.06134076	11.91988798	11.83535853	11.75912786	11.77512457	11.74879818	11.61621264	11.52684717	11.4967475
CNOT6	12.86578304	12.9913189	12.97066345	13.24367301	13.18822812	13.32703627	13.17067757	13.38753741	13.21644166	13.01269999	12.85194913	12.71028641
CNOT7	11.96698928	11.71944995	11.75824953	11.88245994	11.91959456	12.06462494	12.0357584	12.06614898	12.05603142	11.97151328	11.99725507	11.99449342
CNOT8	11.19264197	11.28014818	11.49598405	11.44804502	11.69720794	11.51981318	11.61397784	11.46778711	11.59800611	11.49325201	11.39038627	11.28456738
CNOT9	12.3021292	12.43368476	12.41516151	12.57293696	12.07953134	12.06722237	11.80772254	11.93599493	11.63745776	11.52913523	11.05979779	10.96332035
COA3	10.29091822	10.60210036	10.56205438	10.71125145	10.52495604	10.6443459	10.75484968	10.74286963	10.71048702	10.79384854	10.55946063	10.60779997
COPS5	11.52133971	11.61978096	11.4321876	11.70497039	11.25111696	11.74323124	11.51113204	11.80300536	11.58263921	11.56598594	11.44924189	11.46005682
CPEB1	9.443582641	8.333537078	8.227399502	7.763386028	8.148594879	7.979694385	8.367962946	7.899100538	8.493462464	8.674886093	9.218431753	9.193867123
CPEB2	8.749685261	8.192296561	8.222702224	8.522044874	10.16966486	10.61006797	10.70282481	10.69691789	10.667425	10.37203474	10.93031268	11.03574941
CPEB3	7.432372109	7.546346844	7.471991556	7.449371939	7.781396273	8.24964352	8.664395039	8.860773808	9.146986845	9.222376888	9.571789477	9.818170369
CPEB4	8.99549027	8.613239733	8.854243693	9.397818069	10.30711136	11.07829296	11.23328557	11.41858287	11.41880453	11.464854	11.77232702	11.75585068
CREB3	9.082860935	9.13833441	9.20609047	9.279797234	9.556810831	9.749547619	9.875282261	9.946151236	10.12569061	10.18655792	10.25801331	10.28029668
CREBRF	8.797463658	8.770558689	9.471841648	8.756438942	9.616578373	9.242729458	9.654556725	9.181281188	9.903141008	9.391655252	10.15667044	9.720999526
CTIF	9.146063231	9.513434501	9.947373762	9.807455876	10.31008275	10.7724745	11.03929929	11.10317076	11.29219033	11.40268517	11.57927171	11.68928
CTTN	12.51203107	12.66037897	12.71039385	12.7859429	12.73748514	12.89408332	12.88498339	12.91818254	12.86183126	12.83635188	12.62522926	12.66584918
CYFIP1	12.28921692	12.02909074	12.23884156	12.02026267	12.06535911	11.72606646	11.74424651	11.6124729	11.64480796	11.63445952	11.64872727	11.5844105
DALRD3	9.872881384	9.911131624	9.799995862	9.725548587	10.08374517	9.751561158	9.912282586	9.370801454	9.888682241	9.840314821	10.00462544	10.06646872
DAPK1	11.52334242	11.99595214	11.99899185	11.62850395	11.86806756	12.08025688	12.05027177	11.96937139	11.87518279	11.74280003	11.71731827	11.84451432
DAPK3	10.27311298	9.919830568	9.785069393	9.879022271	9.937293175	9.907123698	9.921758977	9.87075867	9.971318238	10.04122568	9.930816855	9.951150755
DARS2	10.9897675	11.09622252	11.09912281	11.0201362	11.0447008	10.67484041	10.52050139	10.37148147	10.26667861	10.07852575	9.907005907	9.80841641
DDIT3	8.829049174	8.044172065	8.155964096	8.597875971	9.008479953	8.356835603	8.678999707	8.460673144	8.661200099	8.830631632	8.804391906	8.713233405
DDRGK1	10.00010885	10.0000062	10.0708718	10.03273227	10.39297536	9.875699464	10.12995659	10.07091278	10.27006899	10.34121827	10.29249287	10.30454505
DDX25	9.595012622	9.675451636	9.519735423	9.602068973	9.456548723	9.570843813	9.605451242	9.798614081	9.652809341	9.867578295	9.957893553	10.21615684
DDX6	13.48145887	13.54964606	13.44791232	13.46682943	13.1780778	13.46052073	13.3364708	13.54988409	13.37965971	13.2524543	13.31267029	13.29900803
DENR	11.65239477	11.7560188	11.50252021	11.77423586	11.30404325	11.40998824	11.24323606	11.45453429	11.21332819	11.13592175	10.85104249	10.85268057
DERL1	11.3318318	11.33101793	11.15743482	11.15094341	11.21191779	11.34466333	11.25914255	11.3792595	11.36537531	11.45937092	11.51128216	11.51424141
DERL2	10.54291625	10.45307647	10.13481034	10.32155077	10.27937244	10.57558943	10.5471688	10.64282299	10.72016986	10.69582161	10.73940893	10.72073414
DERL3	6.743932014	6.781262508	6.42522825	6.635262048	6.435976612	6.853308328	6.701447605	6.841786634	6.822277744	6.776813089	6.916494447	6.910956295
DHFR	11.44037195	11.84942183	11.63854185	11.85354855	11.10740228	11.04207642	10.62403038	10.77404152	10.36988483	10.11511751	9.387809019	9.160080393
DHX29	11.30999341	11.42625369	11.20856335	11.46192375	11.10167716	11.2118207	10.93259643	11.27271468	10.86417128	10.77324282	10.54124877	10.65978516
DHX33	11.47932461	11.71823252	11.14505384	11.18888645	10.7934985	10.81228572	10.70145988	10.72698107	10.61698918	10.50033276	10.58031296	10.57580579
DHX36	12.26738658	12.10469924	12.16373476	12.17955561	12.1264555	12.24452777	12.01183976	12.28421494	12.18467108	12.06513583	12.0292928	11.96478063
DHX9	14.11556091	14.25316724	14.06923818	14.43337165	13.80248587	14.25181798	13.76548562	14.13409073	13.91358002	13.6434608	13.38023335	13.41033033
DNAJC1	9.689051841	9.69380752	9.856908995	9.685872929	10.02673746	9.685334466	9.715176413	9.7475056	9.774792778	9.822105278	9.985277864	9.9732304
DNAJC3	11.17245068	11.27295368	10.69920488	10.84866017	10.64470459	11.10166914	10.90247942	11.22508728	11.21640713	11.674545	12.05432559	12.02436661
DND1	8.115246059	7.751035368	7.311825466	7.16279874	7.121376848	7.051628544	7.110687029	7.110971733	7.133501252	7.102454474	7.041636962	7.082141422
DPH1	9.702214659	9.85901119	9.804152961	9.966616847	9.667801551	9.366772856	9.352004692	9.30637692	9.113951366	9.049388654	9.108187195	9.028372374
DPH2	9.361477826	9.673110849	9.478874712	9.676821045	9.293461926	9.325707294	9.211643103	9.304689606	9.166012807	9.140345689	8.938072878	8.891610947
DPH3	10.01575945	10.1276426	9.82277609	10.2717014	9.830247159	10.16109045	10.01746233	10.30186712	10.12789027	10.18759295	10.00181018	10.03763174
DPH5	9.611954265	9.555567666	9.683309317	9.809500342	9.507710805	9.316789527	9.143011233	9.262475212	8.967778495	8.917196315	8.712557456	8.674500161
DPH6	10.07236777	9.949776368	9.596415794	9.333225157	9.260215412	8.939106644	8.932357917	8.948083267	8.788836469	8.844667735	8.962462156	9.08334082
DPH7	9.595158701	9.659035052	9.615996117	9.865019331	9.696570516	9.602098569	9.668235839	9.513690332	9.554986569	9.53680339	9.41749258	9.472559603
DRG1	12.69912112	12.6414214	12.43811361	12.50555349	12.41855617	12.5561832	12.42295724	12.57792808	12.4008084	12.26988508	11.92397935	11.83660906
DRG2	11.67679295	11.8713621	11.74670947	12.01383314	11.60425994	11.68957341	11.56616785	11.60483144	11.41113275	11.32129653	11.10763955	11.09435473
EARS2	9.612910103	9.789166884	9.669278982	9.673064548	9.480049767	9.308682943	9.254316206	9.22900344	9.114741118	8.973344883	8.910640304	8.827093097
EDEM1	11.6104945	11.35802115	11.02901929	11.08963281	10.81679008	11.02305845	10.78323956	10.77428971	10.60897497	10.59251083	10.2905048	10.19619996
EDEM2	10.26343021	9.927948231	10.13092793	9.797146247	10.08615197	9.995974349	10.14472636	9.884263388	10.17598167	10.20370409	10.29480616	10.23597517
EEF2	17.26439338	17.0581319	17.38486665	17.05899131	17.39384621	16.6995319	16.88814227	16.27694362	16.54297432	16.39909196	16.38007293	16.21889492
EEFSEC	10.53727525	10.56858978	10.5922603	10.52645469	10.49247545	10.15014587	10.03434004	9.914702246	9.794391762	9.708727841	9.53151206	9.574507943
EFL1	10.50680333	10.1317509	10.0742715	10.01374871	10.0430953	9.870407593	9.867819702	9.730237137	9.762905776	9.749147824	9.752660976	9.716112117
EGFR	9.113958055	8.908066867	10.15445423	8.674861225	8.334016172	8.026182997	8.270704952	8.161351272	8.372488256	8.75830299	8.949680747	9.27916538
EIF1	13.99258116	13.87654237	13.96882317	14.24418416	14.28937872	13.93582812	13.91455441	14.05623892	13.92772675	13.96886089	13.78431023	13.69944652
EIF5	13.74474485	13.80366931	13.7744973	13.87711995	13.36881132	13.75970087	13.48404048	13.75928754	13.52285906	13.35234025	13.27546737	13.21654567
EIF6	11.75009159	11.82902172	11.52105136	11.87898673	11.37945533	11.5192285	11.29113578	11.44066556	11.17557193	11.23299237	10.98115705	10.97671891
ELAVL1	12.58190716	12.72317829	12.65282131	13.04875523	12.7005544	12.98816835	12.83039352	12.98850034	12.73540635	12.65922144	12.42703407	12.46336459
ENC1	11.9829105	11.78727275	10.95109359	10.40035537	10.9287261	11.16629817	11.62585425	11.73795661	12.35680876	13.08172383	12.89204868	12.81843875
EP300	12.4883126	12.18566775	12.28161312	12.17342771	12.30034774	12.20661904	12.13431935	12.30079868	12.30503632	11.92298916	12.04461352	11.91435323
ERBB2	10.96324375	11.43771086	11.89445793	11.45960896	11.47144425	11.09805214	11.14229545	10.74439436	10.99945626	11.06521212	11.05910388	10.82218183
ERLEC1	10.33089596	9.96358007	10.20110763	10.07703973	10.40750105	10.14016056	10.23228846	10.28774378	10.39972404	10.48600619	10.80637952	10.91078526
ERMP1	11.65096805	11.58146323	11.58007314	11.20289523	11.20087514	10.91976882	10.81226912	10.78634604	10.64235538	10.7047158	10.74127651	10.66600831
ERN1	9.75843308	9.60401162	9.572160709	9.813178079	9.865451388	10.12747058	10.13191586	10.13652524	10.20323932	10.00054028	9.997886797	9.973982285
ERN2	6.611067852	6.3725456	6.263344712	6.263344712	6.315016949	6.263344712	6.263344712	6.263344712	6.263344712	6.263344712	6.263344712	6.315035091
ETF1	13.77592879	13.518446	13.29761012	13.47168668	13.07541876	12.98108639	12.71753153	12.93202108	12.55768985	12.45590968	12.15138559	12.09078171
FAF2	11.66081791	11.83039362	11.85817113	11.94088848	12.05317811	12.01543019	11.96403324	12.09711466	12.01517919	12.05480698	11.93173859	11.88867316
FARS2	9.134332362	9.079228538	9.277501835	9.199257937	9.427490466	9.004581092	9.044955987	9.007278513	8.981417596	8.985591056	9.246575494	9.128004281
FARSA	11.57584279	11.94030875	11.6294324	11.91934691	11.3824017	11.69677822	11.41098718	11.63815289	11.37330279	11.37996551	11.10421032	11.15954979
FARSB	11.99563074	11.75230556	11.45993999	11.56728142	11.44860012	11.2477197	11.00127104	11.25828621	10.9265483	10.88087003	10.72301034	10.75331246
FASTKD2	10.9628745	10.58081241	10.63724157	10.56602575	10.36662038	10.28524332	10.20891973	10.39682	10.11361891	10.00142493	9.697163371	9.579999521
FASTKD3	9.606750337	9.596505917	9.308077253	9.427720541	9.048171684	9.11189644	9.026991222	8.996420954	9.001617442	8.851288652	8.656467559	8.587558569
FBXO7	9.845913699	9.333293636	9.579667304	9.399399036	9.525892643	9.143386764	9.291522846	9.059142694	9.256659338	9.140113507	9.155103467	9.148869284
FBXW7	10.44697818	10.45759975	10.43611468	10.54556314	11.01557969	11.47289023	11.64583174	11.59704033	11.67321291	11.35492879	11.06914038	10.99028053
FICD	7.811742143	7.804615107	7.675006881	7.816867045	7.889765544	8.112435517	8.321259655	8.148547033	8.404805382	8.751549345	8.920717553	9.058342169
FMR1	11.55996035	11.47269813	11.45370425	11.39128256	11.18721995	11.18975569	10.98087784	11.10044544	10.87685208	10.62525382	10.58003807	10.60040479
FOXO3	12.13814936	12.01062533	11.91443882	11.14917464	11.77323756	11.32126413	11.29419187	11.0620255	11.18707743	11.24688422	11.68158786	11.64406801
FTO	12.13018398	12.26669961	12.30896555	12.2369889	12.19161235	12.17289682	12.22994109	12.25967047	12.27050231	12.26351634	12.33790973	12.49000438
FTSJ1	9.793199787	10.05995916	9.866796119	10.17876099	9.806415142	10.04174537	9.917723615	10.01962505	9.850372384	9.899167095	9.817093554	9.801259477
FXR1	13.1280008	12.93454586	13.23963962	12.92705863	13.14319801	12.62300894	12.57897406	12.39760198	12.42852682	12.24423989	12.24346796	12.1043407
FXR2	12.29077453	12.38538512	12.45990433	12.42844522	12.58053267	12.5195203	12.47939379	12.3940921	12.44569311	12.24180515	12.12208072	12.10671828
GATB	9.572244647	9.432309941	9.396079302	9.296516713	9.463540127	9.250152939	9.271285084	9.182661099	9.265384112	9.131199286	8.92500963	8.848878745
GATC	9.850881186	10.11928744	10.13314155	10.27328397	10.14991963	10.11179194	10.11920965	10.15793432	10.03067469	9.964567641	9.935049824	9.869019622
GCN1	13.37142601	13.26591284	13.22354509	13.23164342	13.17310796	13.00655036	12.91616665	12.83147554	12.81435096	12.64644271	12.64218907	12.58675087
GEMIN5	12.8747185	12.93795541	12.63360132	12.71925767	12.39426444	11.96835203	11.71187177	11.72001088	11.405506	11.188788	10.88150011	10.79618675
GFM1	11.63340625	11.54740427	11.29027857	11.26234561	10.80575854	10.83137017	10.67926694	10.78968746	10.44017645	10.41089772	10.2310099	10.32166189
GFM2	11.311254	11.08545504	10.82256599	10.87661102	10.77949822	10.76165603	10.69226148	10.71377822	10.64012122	10.55271535	10.27201886	10.22617381
GGT1	7.762010171	7.144404075	6.592471493	6.566887787	6.470392752	6.412473661	6.560406336	6.570354264	6.477996509	6.656003744	7.005264796	7.112372736
GGT5	6.263344712	6.400061885	6.506996562	6.50513247	6.427415512	6.316903089	6.428926222	6.593468796	6.718875003	7.063440222	7.423944987	7.765389231
GGT7	8.773654811	7.93198263	8.06849349	7.802127116	8.439921286	8.791901696	9.143236541	9.10918528	9.467163451	9.740482057	9.800604337	9.986336375
GIGYF2	12.00585323	11.81916153	11.75401347	11.60004799	11.71858361	11.62102034	11.56553277	11.53981664	11.65205294	11.49572794	11.59198907	11.56467817
GLE1	10.95696406	11.20793533	11.01521918	11.09288917	10.86234631	10.91621674	10.8669628	10.92106942	10.87855977	10.7260366	10.48209091	10.47007173
GRB7	11.30197744	11.60134798	11.25638378	10.3110368	9.278711616	8.215253095	7.53721172	6.979967507	7.011054553	6.774084993	6.865973444	6.625217103
GRM5	6.396302575	6.417695293	6.343224894	6.316189096	6.316862072	6.389851659	6.39787579	6.737396465	6.760267049	7.055120257	7.522360599	7.886070563
GSPT1	13.32363215	13.41532462	13.24094679	13.3838816	12.92556192	13.00215232	12.63861901	12.9106141	12.47959507	12.37652612	12.09903993	12.11875802
GSPT2	9.661459985	9.80952651	9.627436092	9.781802888	9.638150652	9.856967529	9.720012758	9.724524443	9.862191213	9.706264812	9.849193144	9.991956128
GTPBP1	11.43525543	11.81166994	11.70049684	11.91426546	11.62996044	11.53852968	11.35047294	11.4786799	11.16739855	11.24008636	11.14293062	11.23842471
GTPBP2	9.94881454	9.681272079	10.12497042	10.10451664	10.41645436	10.45037807	10.62873967	10.28818327	10.74473748	10.67649944	10.82972457	10.87403679
GUF1	10.97084792	11.03288921	11.03469995	11.01495767	11.14283798	10.93137077	10.9530275	10.71176835	10.82052706	10.42224373	10.71071077	10.71450425
HABP4	9.198840027	9.439101527	9.64022492	9.796206093	10.02336103	9.97981897	10.05564571	10.07867013	10.43399303	10.66367916	10.79443996	10.6556014
HARS2	9.765008808	9.919194254	9.770306657	9.922186717	9.752039251	9.814316655	9.822856587	9.836061574	10.02292018	10.01336021	10.07605063	10.06631177
HDAC6	11.26083373	11.73041824	11.55637176	11.53843717	11.52486757	11.24091502	11.19796914	11.08388383	11.241901	11.18243297	11.36999597	11.50047885
HERPUD1	10.02154677	9.905740541	10.22111761	11.20662906	11.37523247	10.02226917	10.17033293	10.07322647	10.206436	10.48541868	10.44407313	10.4108876
HERPUD2	10.28949601	10.12078041	10.39301159	10.27625038	10.46574627	10.4141058	10.45466342	10.47733606	10.4316025	10.39222637	10.51003174	10.55379501
HNRNPD	13.75509149	13.86591817	13.60577047	14.00705092	13.26084945	13.72422363	13.52589112	13.76693155	13.49784134	13.29293711	12.96526972	12.92392011
HNRNPR	12.34351102	12.766351	12.86941573	13.11014049	13.08924217	12.97686926	12.96551075	12.92570241	12.93474064	12.77925554	12.60393734	12.60041897
HSPA5	14.17043105	14.82456445	13.47146719	14.18272552	13.37958835	14.56322139	14.26376334	14.47679756	14.42448514	14.65222506	14.44143865	14.4384024
HSPA8	15.83384767	15.72494458	15.48891184	15.1259598	15.14757953	14.99064122	14.78927016	14.92899261	14.71592814	14.67260044	14.45734766	14.54908559
HSPB8	8.425105045	7.497321609	7.669425012	7.49989078	7.394462807	7.561844684	7.60252131	7.554924015	7.520781684	7.633943966	7.768254309	7.89303467
HTRA2	10.00152834	10.08061904	10.32831545	10.33287928	10.25031413	10.0539873	10.11397097	9.925429037	10.07910446	10.06117843	9.944409058	9.88385094
HTT	12.22162183	11.69614447	11.99624124	11.75137376	11.92369347	11.75555645	11.64764267	11.79060105	11.63255331	11.22688507	11.3196802	11.12700837
HUWE1	14.65920748	14.42812039	14.41413717	14.34269947	14.23508443	14.0992087	13.86177293	14.14101516	14.03851318	13.5210697	13.76646672	13.57210365
IARS2	12.27703863	11.93901745	11.96313897	11.63458885	11.72206972	11.21140906	11.22533444	10.96011331	11.00379049	10.89430441	10.91198571	10.8617008
IGFBP5	10.82172893	13.09756309	14.4282158	14.12415437	13.51992978	13.49147652	14.58420293	14.85958756	15.65419482	16.63328544	17.34755338	17.48320273
IGHMBP2	9.474103698	9.43266283	9.44655032	9.628352275	9.443248144	9.436038202	9.378123186	9.349310014	9.391401171	9.277894286	9.447614896	9.325795698
ILF3	13.38490567	13.2865815	13.55602679	13.41847531	13.33692292	13.25106331	13.1120549	13.12944058	13.03202735	12.85677546	12.66855253	12.58184211
IMPACT	13.33682799	13.01094638	12.70247157	12.87966939	12.16142761	12.23874254	11.9006362	12.08577952	11.8245955	11.68577895	11.41193338	11.35130369
IREB2	12.86716712	12.4786031	12.66824656	12.50304828	12.66571462	12.79488329	12.57942716	12.84624425	12.7574268	12.53559411	12.56091583	12.46460172
IRX3	9.401882478	12.14223424	12.00243976	11.11138303	10.65792456	10.63843474	10.18100266	10.07004979	9.695803854	8.911556882	8.42703946	8.213117223
ISG15	6.369386653	6.525378838	6.490507018	6.337361523	6.473121329	6.504471235	6.515606434	6.474644697	6.452560204	6.508116236	6.553678103	6.411555359
ITGA2	6.45121903	6.962057087	7.507754765	7.326915913	7.628733387	7.432950018	7.404140305	7.23391046	7.348951084	7.387056867	7.971144579	8.071708314
JMJD4	10.32116872	10.50352665	10.41709603	10.66693142	10.49724266	10.46032644	10.4582397	10.62366954	10.53288585	10.44239517	10.33315818	10.38329151
KBTBD8	10.49287887	10.38631564	9.833528976	9.931401359	9.45924189	9.414031302	9.090769089	9.368393517	9.05269623	9.035486876	8.909721417	8.62837538
KHDRBS1	13.16164315	13.17349566	13.46418302	13.38059065	13.43117798	13.45801564	13.48578205	13.39600589	13.4029526	13.24136054	12.96047555	12.9142848
KHSRP	13.06225796	13.21954675	13.33797859	13.36774482	13.35053742	12.9328842	12.86945932	12.79275192	12.73989004	12.66687302	12.4242953	12.34636609
KLHL25	9.909339453	10.27845517	10.11522696	10.39244988	10.17997301	10.43602131	10.37607806	10.2885481	10.23739922	10.28672475	10.35594914	10.49297044
KRT17	6.837015107	6.458072129	6.395101593	6.354782127	6.389902582	6.443410036	6.4135845	6.374531719	6.451158617	6.424381502	6.318722233	6.263344712
LAMP2	12.42357157	11.73721395	12.12764156	11.56084619	12.04055022	11.67176144	11.70387265	11.65267516	11.70405856	11.70915993	12.08690326	12.01383357
LARP1	14.18485834	14.0582632	14.02501734	14.09244049	13.95109822	13.39124677	13.31411043	13.32454751	13.11608955	12.95578078	12.95535694	13.05452771
LARP4	12.76428577	12.70509133	12.43605732	12.30630453	12.02804926	11.84001665	11.66806464	11.72957785	11.46243245	11.25301856	11.1354895	11.08447542
LARP6	7.082197988	7.145241559	6.94456333	6.884120556	6.843726594	6.972365283	6.96750762	7.084027167	7.09214566	7.527665039	7.857401608	8.126709215
LARS2	14.53620988	14.31337554	14.9733012	14.301427	14.83288411	13.67999034	14.04863374	14.58215758	14.13381085	14.30868062	13.9213434	13.76899691
LGALS8	8.631768955	8.533015052	8.743860154	8.467619142	9.028372368	9.05475146	9.310507034	9.205932956	9.505836168	9.428640068	9.756106657	9.956015543
LRPPRC	12.68683206	12.19245553	12.22366598	12.12228112	12.18791184	11.84230348	11.6536689	11.73867299	11.60345756	11.39314645	11.25326647	11.24778888
LRSAM1	9.333067383	9.155000331	9.11755782	9.191906148	9.408054241	9.502925953	9.748997087	9.645863671	9.913314593	9.979008218	10.27645063	10.29588127
LTN1	11.72757565	11.61584092	11.45943718	11.48258986	11.20679283	11.3276175	11.13565919	11.28262718	11.14407669	10.92991478	11.0010069	11.00130678
MAGOH	11.36280836	11.40195409	11.32617767	11.57458017	11.07336762	11.19337069	10.93370478	11.0885295	10.83573078	10.73664114	10.33721661	10.21508911
MALSU1	9.368791212	9.447252497	9.350390005	9.352146394	9.267265867	9.132197843	9.019699907	9.068046886	9.060112017	9.013398039	8.918072355	8.92257313
MAPK1	13.43442243	13.37091911	13.38229872	13.3246361	13.18953182	13.26813592	13.15610304	13.31428649	13.17059831	13.11823029	13.07612451	13.04383391
MAPK3	11.64007231	11.68916281	11.82097651	11.53344683	11.62898897	11.55271454	11.76421311	11.51445464	11.69401738	11.71574331	11.82045422	11.93793698
MAPKAPK5	10.80719352	10.67626009	10.61437429	10.75390939	10.70582162	10.74877493	10.76448574	10.68545622	10.70129348	10.64220231	10.51728717	10.46094304
MARS1	12.65158755	11.85053745	12.13016817	12.82051015	13.12368282	11.56733316	11.69412936	11.62482742	11.40109555	11.55106353	11.20823548	11.1050677
MARS2	9.463663186	9.610023579	9.444832715	9.741985195	9.576398632	9.462302749	9.428723662	9.577251826	9.30688551	9.244710112	9.035409916	9.08794422
MCTS1	9.50803619	9.146067014	9.237291597	9.011813089	9.16092057	9.358853287	9.266675688	9.55209958	9.506401341	9.356296572	9.43019169	9.534722426
METTL14	10.77501669	10.84058116	10.96858941	11.04213237	10.82135603	10.64656584	10.53067305	10.58709626	10.54753989	10.40437607	10.2934318	10.20245253
METTL16	11.7711193	11.83606009	11.73669508	11.85037242	11.56794933	11.57566076	11.39741872	11.66525886	11.30641769	11.18210155	11.00898106	11.02619918
METTL17	9.610763853	9.946547796	9.860024187	9.988153563	10.14143323	9.992747298	9.938123415	9.958206677	9.957353243	9.766186847	9.770660066	9.868806931
METTL3	10.65991306	10.93336012	10.76811327	10.89266501	10.66484425	10.73613749	10.70659875	10.64995635	10.6398562	10.55882753	10.4037634	10.3436639
METTL5	9.427292341	9.081732326	9.217284577	8.849654266	8.968768108	8.753816974	8.744304756	8.385313371	8.534806932	8.490951232	8.522828899	8.380449063
MFN2	10.43900611	10.77284753	10.6425892	11.01271921	10.89917617	11.38202251	11.3799511	11.69762291	11.57002146	11.74780609	11.73345361	11.92200377
MKNK1	9.23611299	9.236866319	9.558834955	9.394371307	9.723814806	9.534747214	9.612722137	9.347907994	9.589739698	9.689095967	9.839986155	9.78011508
MKNK2	12.22659782	12.22964156	12.09272296	12.0397331	11.6643133	11.84807196	11.70818819	11.85365827	11.74167138	11.6218305	11.32026291	11.2984717
MOV10	9.625121056	9.618628126	9.531873535	9.010691627	9.501743188	9.12224516	9.329438295	8.971182083	9.150240514	9.019197359	9.179072504	9.108447975
MRPL1	10.43966518	10.07964265	10.16196397	10.01798002	9.827055598	9.794550645	9.563827477	9.844370569	9.535131007	9.492005607	9.377995437	9.356115896
MRPL10	11.43422403	11.43522958	11.3424481	11.40382274	11.19869643	11.12480838	11.10233469	10.95147773	10.930623	10.95111278	10.80800327	10.77163776
MRPL11	11.07203553	11.12180402	10.90671777	11.05274244	10.68814079	10.87304685	10.8140789	10.90641699	10.66637442	10.65478537	10.32528128	10.32978592
MRPL12	11.81077493	12.02862493	11.71687436	12.02136647	11.32846177	11.31649344	11.18370277	11.22302363	10.91901715	10.93258254	10.50831391	10.59188192
MRPL13	10.79797739	10.6575911	10.43232979	10.67136063	10.31317521	10.31122875	10.26151697	10.32312389	10.14718419	10.21439591	10.19752344	10.16676111
MRPL14	9.33634821	9.586042648	9.874946268	9.68909299	9.78236735	9.459724781	9.655293045	9.385495117	9.446226206	9.505017987	9.268223041	9.288510474
MRPL15	11.43482251	11.44135591	11.38829992	11.44952132	11.08238059	11.00856215	10.92589277	10.91519041	10.74561618	10.6268066	10.36294938	10.3248911
MRPL16	10.15226868	10.0796831	9.602880007	9.848415135	9.25778598	9.456621207	9.292135819	9.363656922	9.179073418	9.360173457	9.345909656	9.444330036
MRPL17	10.59675407	10.89590091	10.59460523	10.73532849	10.43344013	10.397689	10.31237626	10.27614374	10.23825872	10.27132442	10.22397192	10.17600647
MRPL18	11.1822099	11.24490312	10.9843952	11.14803694	10.64314232	10.77628447	10.58462346	10.77975325	10.46726213	10.45739933	10.1822442	10.16068318
MRPL19	10.78641636	10.84425628	10.77036911	10.86538545	10.78128602	10.70875657	10.59382826	10.69735251	10.47255015	10.4684202	10.09846133	10.11999156
MRPL2	10.80157943	10.8388719	10.98972119	10.89444403	10.8774015	10.51958719	10.50890778	10.3312417	10.29393051	10.34526148	10.08812427	10.01121493
MRPL20	10.31119515	10.54176902	10.06643257	10.52942191	9.937992301	10.41597275	10.30536078	10.53631659	10.31244782	10.39130384	10.15030885	10.25993513
MRPL21	10.53210424	10.51716826	10.38126235	10.5720846	10.35978887	10.34983034	10.22385763	10.4235115	10.19105233	10.11472738	9.935316145	9.953127557
MRPL22	10.14850813	10.43425685	10.40560044	10.67966642	10.32640418	10.31389837	10.1715737	10.2477666	10.07883438	10.10724257	9.876825515	9.828225482
MRPL23	8.06461628	7.996793153	7.897079463	7.975413157	7.898279614	7.697030422	7.781421233	7.42719997	7.64735422	7.499261031	7.62144943	7.472333635
MRPL24	11.06818829	10.8552366	10.93891421	10.79070204	11.10127824	10.83219343	11.01053939	10.71072081	10.96562968	10.91640006	10.9072504	10.78746559
MRPL27	9.963081893	10.10904278	9.978686496	10.14578342	9.926733545	9.846989381	9.803030128	9.938380411	9.717820389	9.887911038	9.73421215	9.747933841
MRPL3	11.08188009	11.29462207	11.25346168	11.42207213	11.20816759	11.12454146	11.04201008	11.19549217	10.95520255	10.9863644	10.85787478	10.805578
MRPL30	10.6435358	10.71216928	10.77710017	10.85184174	10.78355444	10.66938024	10.69591963	10.61894371	10.55168262	10.55993613	10.39340467	10.41395441
MRPL32	9.67633066	9.743975974	9.82245942	9.712079776	9.88185091	9.717266678	9.753013457	9.852491454	9.813134043	9.801296398	9.707093503	9.783625463
MRPL33	9.952911683	9.867737143	9.912881284	9.937075812	9.872699942	9.836078586	10.03714993	9.838527656	9.794219459	9.921478821	9.897640583	9.870704844
MRPL34	9.86039276	9.954524535	9.94166764	10.31594284	9.919954558	10.30986963	10.25101458	10.20838115	10.17115212	10.22628705	9.900877744	9.820651269
MRPL35	10.45283684	10.32270118	10.21667388	10.3342789	10.12659141	10.21825354	10.02768704	10.28020678	9.97512257	9.897472333	9.658805776	9.612129085
MRPL36	9.176056435	9.361635677	9.270619138	9.130828982	8.941593037	8.94769031	8.905327629	8.943123245	8.934887399	9.061578513	9.004171372	8.894633128
MRPL37	11.14576484	11.26123649	11.24633613	11.69533305	11.39094598	11.26837333	11.09871865	11.25199159	11.06597865	11.08096381	10.85709991	10.80202569
MRPL39	10.88890169	10.97961151	10.97453157	11.11615684	10.97674307	11.04723298	10.88355912	10.98435855	10.80570374	10.75149191	10.64765642	10.65684686
MRPL4	10.55322822	10.66604339	10.57317652	10.73355003	10.57237065	10.38588282	10.3403026	10.27222276	10.24956516	10.16335422	10.03065279	9.955962981
MRPL41	9.026249642	9.37449999	9.248873373	9.547653589	9.16170147	9.54502771	9.62482838	9.71618828	9.635022096	9.792862629	9.597345289	9.650313995
MRPL43	10.13855311	10.37477275	10.12995694	10.29714957	10.09302431	10.15616029	10.17960495	10.13356042	10.1537152	10.24899969	10.26377843	10.27826651
MRPL44	10.32351339	10.44943134	10.46724883	10.47965005	10.34302649	10.20961913	10.18308046	10.16262618	10.08944343	10.16162532	9.922402765	9.832086408
MRPL47	10.19749673	10.12753257	10.00383393	10.15326828	9.90916003	10.04747837	9.83460246	10.11186994	9.840332401	9.760663862	9.484948311	9.447446577
MRPL49	10.73929482	11.02300561	10.73784839	10.91792126	10.51083678	10.58771773	10.45422485	10.58713076	10.42940515	10.45754456	10.29605305	10.31847912
MRPL51	10.8318071	11.01491902	10.72201527	10.93028965	10.56127604	10.66107006	10.58387781	10.73494194	10.55743194	10.5925782	10.40186251	10.41915608
MRPL52	9.582232279	9.753375256	9.683500416	9.844387224	9.754175134	9.65395758	9.638611988	9.624009123	9.56735028	9.687445279	9.451966877	9.502928164
MRPL55	9.514379422	9.558322215	9.357325513	9.627496184	9.31234625	9.43847816	9.372893645	9.383098436	9.310445743	9.278783182	9.132786426	9.097654418
MRPL57	9.369790899	9.366901954	9.403498084	9.527425363	9.466760407	9.345634651	9.457112908	9.489761358	9.327234447	9.488513947	9.325993699	9.28494149
MRPL58	10.41161747	10.52106419	10.60922924	10.90342976	10.74693315	10.59078315	10.54719677	10.58116197	10.43461238	10.4607787	10.24139329	10.24411169
MRPL9	10.77861751	10.85654126	10.8784464	11.05983741	11.10796979	10.89969682	10.81580085	10.86796241	10.79836174	10.72677895	10.57311929	10.4864197
MRPS10	10.51918221	10.41681594	10.30875051	10.4057236	10.23753308	10.10733982	10.07737117	10.05008771	9.823934749	9.733411811	9.720835925	9.814985676
MRPS11	9.522192491	9.715103754	9.518258042	9.824702626	9.557530754	9.702924163	9.542019638	9.681897496	9.507967261	9.678184611	9.422290489	9.385393876
MRPS12	9.142162555	9.419007177	9.24676917	9.397788024	8.957138554	9.172498769	9.034215298	9.064392816	9.10302829	9.028102987	8.879496089	8.886743532
MRPS14	10.00480084	9.98126975	9.861695535	9.896115444	9.820778352	9.76756181	9.824634851	9.814627728	9.726933385	9.850313989	9.762035198	9.682504819
MRPS15	10.3048739	10.41578981	10.45283378	10.55838335	10.34266023	10.33220741	10.32872507	10.28506816	10.22047146	10.09334864	9.873559142	9.839617765
MRPS16	9.908233569	9.788618588	9.780308391	9.769581677	9.638300627	9.452339807	9.55739892	9.355987732	9.357605647	9.465322796	9.345525439	9.317449119
MRPS17	10.58718198	10.7090912	10.68149899	10.85052283	10.726855	10.73150303	10.79479206	10.73387341	10.72620583	10.75649999	10.7229029	10.708218
MRPS2	11.34716985	11.49210388	11.36951757	11.37157719	11.22570004	11.07635467	10.97522964	11.04372813	10.91250859	10.87582221	10.76221025	10.72815684
MRPS21	10.32569753	10.31865191	10.41049243	10.46787785	10.35519199	10.41594251	10.46170054	10.45033554	10.40771812	10.51114555	10.24989333	10.29484986
MRPS23	10.76841931	11.10159741	10.99216342	11.34411853	11.11479502	11.04606456	11.11415113	10.93139741	11.06881837	11.09689224	10.75665007	10.54998215
MRPS25	10.19724638	10.38864714	10.21498261	10.2748464	10.0023296	10.03516838	9.993405683	10.12681139	10.03835867	10.12774966	10.01628425	9.996157813
MRPS27	11.02095799	10.89823294	10.77092159	10.82019596	10.39264878	10.40413517	10.21605311	10.2280552	10.02533688	9.978270711	9.640009874	9.626868588
MRPS30	11.09505885	11.10614199	11.11026383	10.99101355	10.97539332	10.63183839	10.49162099	10.49147359	10.37152679	10.24119261	10.1071766	9.967276348
MRPS34	9.709330355	9.932575198	9.492563563	9.79587743	9.606104681	9.591532744	9.528552259	9.543312887	9.497755847	9.556205687	9.520161174	9.534681052
MRPS35	10.63772453	10.66062752	10.61043913	10.58398275	10.37854824	10.20879068	10.11279309	10.19302416	10.01356178	10.00730052	9.821906273	9.844944379
MRPS5	11.61424262	11.62895597	11.61243819	11.62200498	11.53188488	11.4179637	11.39709675	11.42290447	11.31919259	11.22123186	11.14905514	11.14864909
MRPS6	9.327475082	9.686340905	9.448407858	9.789655437	9.451597668	9.631452948	9.616683341	9.649820557	9.562611567	9.956895962	10.12906038	10.26358532
MRPS7	11.05653608	11.33545207	11.0253598	11.37174782	10.99061975	11.01015176	10.87356152	11.03645786	10.85277241	10.86170824	10.57281303	10.58082826
MRPS9	11.06851552	10.8835106	11.14067562	11.07912619	11.21050294	10.72411279	10.60867205	10.5180882	10.41345303	10.35059094	10.24120823	10.03023827
MRRF	9.816170405	9.848360116	10.05233717	9.827263614	10.26362059	9.815540246	10.03305528	9.900391923	9.915977958	9.810414936	9.820053493	9.813706474
MTFMT	9.168309326	9.123155381	8.959869114	8.904185836	8.902973887	9.027800694	9.045338273	9.007355697	9.039320211	8.984040023	9.011497597	9.0811022
MTG1	9.477099194	9.311602374	9.416699346	9.363353283	9.467294503	9.042448375	9.155720391	8.946317627	8.955412041	8.807768247	8.829928059	8.823373922
MTG2	9.189354657	9.295672894	9.175153242	9.280563184	9.197420368	9.208048379	9.232177474	9.106757435	9.334480467	9.259133892	9.261456467	9.262660879
MTIF2	11.05447936	10.9386382	10.93931994	10.9022678	10.91039646	10.82483476	10.77520604	10.64878392	10.61791489	10.49167873	10.49136202	10.38619258
MTIF3	9.254777417	9.009471129	8.945672229	8.938237975	8.945492903	8.953840596	9.028212991	8.998861466	9.016580938	9.056010776	9.095797718	9.119738729
MTOR	11.99326926	11.84699568	12.02243931	12.02067445	12.1612342	12.16112335	12.10949383	12.20930121	12.26296364	12.05172454	12.12461577	12.03649155
MTRF1	8.996371774	8.788712512	8.832951594	8.709352435	8.823732782	8.534283593	8.609345159	8.548381423	8.606619221	8.707979832	8.634764558	8.571286451
NANOS1	8.232575324	8.563801791	8.1457383	7.784083378	7.598935169	7.918200284	7.878181397	8.013595613	8.029886918	8.293034091	8.836772537	9.124121781
NANOS2	6.316446186	6.377102024	6.316596553	6.263344712	6.346563459	6.474850647	6.396615204	6.430547633	6.641276231	6.533718073	6.600629774	6.470692975
NANOS3	6.525947743	6.521328788	6.587557352	6.631546243	6.760296776	6.836712724	6.958558351	6.87707033	6.956099782	6.94014477	7.107868234	7.120676362
NARS2	9.504099245	9.408411722	9.337732117	9.360909784	9.336359761	9.231549887	9.249063947	9.183329982	9.065565168	9.259394777	9.215575367	9.123169304
NAT10	12.02680836	11.90481145	11.52049774	11.46272562	11.14457547	10.73778375	10.58492273	10.55275648	10.38171292	10.15438937	9.973780364	9.956148421
NCBP1	12.57295954	12.64579136	12.51316653	12.67739553	12.28233682	12.40343152	12.18383191	12.34443851	12.08477201	11.97923241	11.65143644	11.65808766
NCBP2	11.045951	11.63941614	11.49019451	11.77648344	11.24360639	11.61265136	11.5285876	11.61778236	11.46975386	11.36169787	11.1500009	11.18523034
NCK1	10.02223265	10.20190313	10.18148607	10.19047946	10.08558744	10.12417371	10.0916544	10.14939455	10.0965272	10.1671986	10.08661535	10.11653097
NCK2	10.16751007	10.38012502	10.92747647	11.0622145	11.12615769	10.9943034	11.03411645	10.96140062	11.11868208	11.25428278	11.45575137	11.3843443
NCL	16.32030013	16.23275393	16.03560945	16.08932985	15.61844149	15.28220183	14.88105621	15.06588697	14.65575512	14.40614607	14.20866497	14.11537703
NDUFA7	11.5362449	11.49028939	11.36168538	11.2520363	11.23535554	11.16039945	11.36070627	11.18067983	11.1853079	11.32758679	11.12361724	11.21244121
NEMF	11.53314777	11.51769981	11.39431599	11.43887925	11.35467908	11.36738252	11.11073373	11.25169634	11.15581393	10.96855338	10.90317408	10.90237503
NGDN	10.39017338	10.49903278	10.31555063	10.70611708	10.55631235	10.43618359	10.18802451	10.36722396	10.17560827	10.1788861	9.849132744	9.83754465
NGRN	10.19436924	10.05561649	9.820550435	9.928338911	9.842461506	9.683774946	9.708963852	9.724631712	9.762352803	10.01485329	10.00913893	10.10166134
NIBAN1	10.20355671	8.05522916	7.536887194	7.111155745	7.131851487	7.07696075	7.352047027	6.968669441	7.159279421	7.838545309	8.789873561	9.235691903
NKX2-2	6.493874441	6.923887731	8.941022817	9.683441186	10.75508584	10.76953442	11.36805083	11.36527257	11.97743118	12.4030763	12.38411674	12.35847709
NOA1	10.50648175	10.62830221	10.54494492	10.46050719	10.26682941	10.05553114	9.885515856	10.03385195	9.835327946	9.736124652	9.613987092	9.605259586
NOD1	6.948438953	6.805860906	7.123723103	6.954969924	7.138043349	7.135788208	7.433183205	7.18384606	7.637840899	8.193973451	8.729977593	8.818017251
NOD2	8.047494454	7.539791689	7.165773738	6.890709494	6.932020064	6.927952978	6.917849455	6.726399668	7.079347933	7.097958824	7.154876091	7.104369088
NPLOC4	12.39423499	12.50069212	12.33630716	12.64424592	12.30883067	12.44939157	12.19890579	12.45169383	12.16427921	12.10321891	11.86931597	11.93172034
NSUN3	8.977260883	8.656306048	8.473755262	8.793000375	8.598152051	8.778850631	8.765144873	8.9074872	8.954909099	8.931801937	9.167840993	9.159656019
NSUN5	9.479748393	9.823555165	9.587261248	9.781540489	9.492901904	9.286986675	9.214636778	9.186254523	8.992777936	8.872772821	8.589282022	8.613718886
NUFIP1	10.77251429	10.68376457	10.61014941	10.61201085	10.30262179	10.15794085	10.02842911	10.06185844	9.881443479	9.778252374	9.599910997	9.545141865
OGFOD1	11.22896692	11.02828056	10.45226578	10.52007075	10.11071406	9.976930948	9.888520456	9.894542454	9.836460189	9.924386911	10.12327005	10.20698957
OLIG2	6.620465921	10.15608584	12.25691494	12.93067269	12.92598804	12.34651132	12.13054756	11.27812086	10.69285633	9.530436642	10.64636276	10.79919353
OPTN	10.42263079	8.296430976	8.561721078	8.044171193	8.763047447	8.701228866	9.10600678	8.670305342	9.076788343	9.09307971	9.21590151	9.159528806
OS9	9.909440089	9.945795225	10.40440166	10.53486907	11.18240177	11.16118607	11.50771815	11.47047609	11.81807474	12.03188	12.27291628	12.41997034
PAIP1	11.27642771	11.21575389	11.41981133	11.38042434	11.66672567	11.71111126	11.69736084	11.81838235	11.84542106	11.83933814	11.83102158	11.77629978
PAIP2	12.17788533	12.35904934	12.49531058	12.2055152	12.29686033	12.39001778	12.4165328	12.3030318	12.46066666	12.41321529	12.40952712	12.31508976
PARP16	9.262969891	9.216987389	9.215772144	9.321737093	9.403706712	9.079647818	8.996039657	8.765218213	8.820853561	8.763455875	8.549499932	8.451522277
PARS2	9.095662927	9.253216287	9.452297454	9.329533159	9.431782378	9.174122915	9.210053635	8.979619979	8.970849006	8.922890829	8.904612743	8.706349837
PATL2	7.79451855	6.984701933	6.77638267	6.422556948	6.574039422	6.520929613	6.549825922	6.263344712	6.475218406	6.316436481	6.319352075	6.368197288
PAX6	7.306655869	12.18250858	11.29401625	10.37875096	9.885261807	9.193858519	8.668101533	8.470060716	7.830860186	7.366817075	7.1247011	6.944031748
PCIF1	10.62951558	10.87144896	10.93150177	11.095491	11.04021272	10.94890983	11.17914683	11.1202997	11.24707556	11.32416219	11.37034066	11.2828554
PDCL	11.1320393	10.9876769	11.04621664	10.87801071	11.03987265	11.28568824	11.21615818	11.24104575	11.18164695	11.15824661	11.10064212	10.97198512
PDIA6	13.33959196	13.44293459	12.78024942	13.20769979	12.60139569	13.26084291	13.03656865	13.09676714	13.05284775	13.30750458	13.04402693	12.96564761
PER1	10.51787198	10.10452887	10.20116742	10.07319655	10.37097437	10.22162196	10.39415647	10.13225194	10.363675	10.36451709	10.42407163	10.34553991
PER2	7.421907989	7.35496931	7.683908916	7.570917157	8.331383175	7.859638826	8.613477522	8.425492315	9.070322023	9.129963135	9.3551403	9.296756758
PHB2	13.12755938	13.24068593	13.0877321	13.29250814	12.85150896	12.74426681	12.59571408	12.65158858	12.37669727	12.30425741	12.01053387	11.94632774
PINK1	9.04950359	9.548173707	9.818812234	9.635890383	10.18350792	10.32313099	10.58868397	10.3957756	10.83527398	10.91755263	11.2955984	11.28550377
PIWIL2	7.860184373	6.991780081	6.908683804	6.745197159	6.714138858	6.750923111	6.689415555	6.747829791	6.689634112	6.539595094	6.609839042	6.562757749
PIWIL4	6.728496471	6.898529554	6.881195629	7.184884942	7.06184468	6.95615787	6.799115082	6.75207448	6.630836401	6.688093275	6.682277398	6.560456316
PJVK	6.557857593	6.421488911	6.473637098	6.57986003	6.550358709	6.531315175	6.571675594	6.579032617	6.626498594	6.599753571	6.667313341	6.577298023
PKM	16.07245775	16.01250433	15.72533383	15.7489612	15.36995902	15.37679522	15.00164453	15.02198719	14.89471293	15.24397555	14.98899004	15.18929766
PLD1	7.604669107	7.732743739	7.987626233	7.613513888	8.071658905	7.874754324	8.172979064	8.043173234	8.467425136	9.069015211	10.28495205	10.30593261
PLXNB2	12.30854483	12.55024347	12.60923936	12.4418469	12.54088086	12.55111541	12.69471422	12.70698177	13.02760687	13.28213796	13.67717411	13.64632661
POLDIP3	12.4800596	12.71298802	12.68485329	12.79660152	12.58676261	12.56122126	12.52805441	12.52688337	12.48896247	12.45854901	12.36509874	12.35727868
PRKDC	11.16226366	10.88568931	11.03440377	10.46167454	10.83717321	10.38729231	10.24319763	10.09034058	10.17915644	9.750342829	9.803565859	9.620037432
PRKN	7.097956495	6.94736908	7.144826581	7.006174229	7.525371675	7.394985661	7.97205148	7.637118308	7.882508359	7.912211786	8.058128164	8.109772172
PRR16	6.595371973	6.454834151	6.42522825	6.390404044	6.532291906	6.602515538	6.76973081	6.603083983	6.700815825	6.873555369	6.867626529	7.05302869
PSTK	9.806152909	9.607752489	9.717963492	9.581808758	9.253686906	9.330836817	9.375641062	9.119958232	9.067123813	9.113562947	9.150319764	9.083808949
PTAFR	6.263344712	6.37523277	6.398365999	6.368552688	6.521238669	6.391934275	6.451075594	6.317489925	6.37415125	6.35520932	6.318722233	6.31650691
PTCD3	12.22363481	12.28431893	11.93340415	12.28577422	11.69761037	11.84770984	11.48442649	11.72162655	11.37861364	11.23234054	10.89060445	10.84817366
PTPN1	10.99195391	11.46639194	11.23007104	11.62082378	11.4763188	11.97346562	11.97186891	12.18518677	12.0786205	12.02581939	11.66316107	11.67142897
PTPN2	10.64198088	10.49799199	10.31618868	10.51588986	10.18017907	10.23443089	9.991708867	10.2746242	10.00761999	10.00473695	9.777841246	9.856171369
PUM1	12.43836338	12.56730514	12.67242538	12.63075907	12.64648993	12.40028926	12.34381713	12.28789348	12.359406	12.19020662	12.27857369	12.16778316
PUM2	13.13031641	13.12616042	13.28045321	13.22203444	13.12425036	13.02057947	12.93593021	13.07094704	12.94504402	12.80587333	12.81563542	12.70485182
PUM3	12.3030847	12.43160049	12.03248827	12.16029086	11.61159255	11.63288055	11.43004711	11.54924782	11.17620872	11.00159857	10.65843582	10.6563097
PUS7	11.24187243	11.39674797	11.36875791	11.2364505	11.02697243	10.65396934	10.63884725	10.62288982	10.33329936	10.28467938	10.12352607	10.09834646
PYM1	10.27610904	10.28727016	10.20172255	10.33584495	10.11013774	10.09856837	10.14838299	10.1090177	10.048842	10.0028128	9.911504165	9.835301157
QRSL1	9.545558505	9.482591432	9.342109341	9.505424348	9.209362634	9.161914633	9.019408623	9.172554384	8.911242051	8.71277069	8.532147381	8.665212497
RACK1	15.99474673	16.02728729	16.06283869	15.93330312	15.9044775	15.57510109	15.56133469	15.16610565	15.05027499	14.91786109	14.56330095	14.38881243
RARS2	10.72642027	10.78093816	10.58838656	10.67198645	10.55985633	10.47698895	10.36262566	10.44509376	10.32422535	10.27939813	10.21941272	10.14597133
RBM24	8.021940828	8.395535895	8.105729887	7.908783899	7.987805344	8.285591837	8.072181409	7.935457677	8.077018297	8.375180311	8.781308354	8.909408875
RBM4	9.879243294	9.739495884	9.894878567	10.26371261	10.25084355	10.34852329	10.39707782	10.56736463	10.58842844	10.56012751	10.30559291	10.26834901
RETREG1	8.982781132	8.113472547	8.332632884	8.169247226	8.548864784	8.49896481	8.794522164	8.638707981	8.887595373	8.982779143	9.464253258	9.981589464
RGS2	8.068236645	8.27684642	8.010870395	7.936851384	8.004226094	8.099375599	9.019524184	9.074634615	10.04208367	10.89251991	11.78468943	12.01250909
RHBDD1	9.89463659	9.261471258	9.350672923	9.428248887	9.987202135	9.445465361	9.515118878	9.352682749	9.45143316	9.178778805	9.009141897	8.840381833
RIDA	10.26053319	10.07772299	9.868744542	9.5155678	9.439190372	9.264042685	9.423552758	9.025509745	9.220386071	9.196016857	9.283371598	9.175065291
RIPK2	9.166679977	8.755362214	8.563139137	8.323115263	8.454368389	8.214032521	8.319674137	8.197073388	8.14403245	8.213512228	8.195676133	8.298536699
RMND1	9.29015536	9.241927016	9.25493553	9.163237153	9.234136139	9.051074272	9.204874319	8.912210618	9.131427896	8.990177449	8.980362767	8.997392874
RNF121	9.878113206	9.928814039	9.926347651	10.05652148	9.954892346	10.05999743	10.07247065	10.14706016	10.05372499	10.20650963	10.01312183	9.968542042
RNF126	10.7911587	11.05863699	10.87729093	11.01853953	10.85124899	10.73883865	10.65113894	10.70094334	10.53882709	10.59153097	10.43348755	10.53028546
RNF139	10.34745278	9.981623507	10.17122771	10.18652101	10.15179773	10.27087583	10.14960533	10.38201307	10.35851777	10.32155948	10.50359698	10.49835968
RNF41	10.52267694	10.61817269	10.50237848	10.58694907	10.40967323	10.67354266	10.64307374	10.76966276	10.67704343	10.75437872	10.88204072	10.8830233
ROCK1	11.88298618	11.27582872	11.28688	11.08458604	11.27497998	11.2640778	11.15178522	11.32382569	11.21199902	10.94914488	10.94536689	10.78531852
ROCK2	12.4710319	11.79695715	11.90925645	11.80050607	11.93692563	11.71277203	11.69146177	11.64794979	11.64949681	11.46066343	11.50050039	11.36862137
RPL11	14.00652224	13.98329018	14.02529328	14.01334184	13.87317481	13.58253689	13.53452855	13.28480525	13.3800749	13.25886081	12.97888532	12.83850865
RPL13	14.90134179	14.85987224	14.88616759	14.72260269	14.63740431	14.30328032	14.17792749	13.86211534	13.75297502	13.73799175	13.4521591	13.39286921
RPL15	14.37262265	14.36066392	14.41116405	14.26526135	14.17171749	13.89079923	13.88025203	13.64888954	13.59977111	13.53170611	13.36734573	13.29779442
RPL19	15.4174996	15.47244647	15.50889179	15.48568472	15.32687941	15.11823056	15.09652914	14.73863291	14.65827821	14.56684484	14.20196652	14.13726006
RPL22	13.85489325	13.78605592	13.91903952	13.66691264	13.72370232	13.28723596	13.38002553	12.95862836	13.04234237	12.92875152	12.7348946	12.58340623
RPL23	15.05047228	15.05132778	15.18689096	15.07315836	15.03845795	14.74473872	14.65097579	14.28003799	14.25499265	14.03903736	13.90880129	13.77518156
RPL24	14.15513393	14.18267084	14.18420714	14.10743215	14.04700669	13.83569242	13.77227126	13.5533214	13.45313678	13.44789678	13.19915606	13.0658822
RPL26	15.06062498	15.04034947	15.16351884	15.02744288	14.99653122	14.63232616	14.60511651	14.20161537	14.15995452	14.09215438	13.77298304	13.70225487
RPL28	12.98600128	12.93855034	13.02396935	12.84154943	12.79607887	12.4838506	12.47373112	12.20031896	12.06042292	11.96782903	11.70202742	11.53811401
RPL29	11.02967934	11.14166346	11.06892565	11.10805953	10.89598628	10.64026975	10.61396129	10.38941996	10.31558997	10.31650785	10.03863758	10.05712789
RPL3	13.8536205	13.77535906	13.97138027	13.74258841	13.75852292	13.28001887	13.09577472	12.84020124	12.60844144	12.49175418	12.1804302	12.09409207
RPL30	12.59517757	12.54187446	12.53719084	12.46170111	12.37645222	12.11277315	11.938109	11.77604515	11.74459868	11.55543237	11.31756157	11.15165671
RPL32	14.66814925	14.69153103	14.76820931	14.70174455	14.63904484	14.30798747	14.35720707	13.92011089	13.89551568	13.86144389	13.46083427	13.3258158
RPL34	10.26820711	10.22597622	10.16124329	10.14885121	9.890188725	9.76756196	9.688459811	9.453004957	9.529992671	9.489340356	9.307842828	9.190923643
RPL35	13.46648665	13.45325047	13.46419199	13.41761485	13.31210448	13.08314535	13.06718992	12.77545286	12.6860722	12.70401718	12.27671394	12.26623856
RPL36	13.56156996	13.49617061	13.57777927	13.45192254	13.36332664	12.95994159	12.89787658	12.56789982	12.43830337	12.46674172	12.16535997	12.09379443
RPL37	12.99269768	12.98225763	13.01054614	12.93165372	12.87696816	12.50442365	12.48517625	12.12619216	12.15680469	12.10599343	11.81799304	11.73284309
RPL38	13.34842253	13.34954877	13.38287827	13.36048007	13.25055403	12.99598544	12.89907798	12.63150894	12.5438618	12.52502885	12.21303401	12.22810564
RPL4	16.3269232	16.25109998	16.29501014	16.13044809	16.00243277	15.74319537	15.65435683	15.36389778	15.22746878	15.00991532	14.79032275	14.62592785
RPL6	15.61593881	15.62581221	15.59814258	15.53435897	15.41003019	15.14429634	15.06884594	14.80238573	14.68592648	14.56197637	14.26009406	14.17803213
RPL7	15.51902809	15.4599386	15.51625617	15.3913229	15.26231051	15.05760585	15.01660796	14.74855673	14.6565325	14.55933132	14.33710542	14.24218055
RPL8	15.63130097	15.62449145	15.58252781	15.50412563	15.38152404	15.05048565	14.86959057	14.64215202	14.50860658	14.38706982	14.05016462	13.96153919
RPLP0	15.51461292	15.5252851	15.50833731	15.36943802	15.24704384	14.88161876	14.79205986	14.33162028	14.24636918	14.0185211	13.72223269	13.55599516
RPLP1	14.68418797	14.68399745	14.56527818	14.42619728	14.18293693	13.89827525	13.7811446	13.54537278	13.40923317	13.28989516	12.96992047	12.88115261
RPLP2	13.78146165	13.81396699	13.77840844	13.70727375	13.59967259	13.28085922	13.2754972	12.95168466	12.84560345	12.78188448	12.44124737	12.30105408
RPS11	14.19271184	14.35549175	14.42267452	14.50633411	14.42424753	14.18369121	14.19729556	13.90889429	13.81730984	13.7633492	13.36266563	13.26567816
RPS13	12.10112702	12.25494731	12.09672624	12.12799019	12.15550017	11.77823321	11.84090479	11.53071924	11.54370098	11.61125372	11.14856449	11.05949969
RPS14	14.6629431	14.66078705	14.80030946	14.64922288	14.62579163	14.305754	14.39845155	13.92059913	13.90406411	13.99314892	13.75888414	13.67493239
RPS15	14.52943578	14.60988625	14.7199014	14.61926816	14.59504298	14.23600285	14.25666333	13.9341919	13.85874984	13.82942694	13.55328258	13.41122662
RPS16	14.1504546	14.10362498	14.17300642	14.09888501	14.04309195	13.70357167	13.76678514	13.34030143	13.25666871	13.20778509	12.8222262	12.74525232
RPS17	14.14485853	14.17426112	14.22557005	14.13392379	14.04313791	13.76094758	13.70942649	13.37267393	13.31665074	13.27973102	12.92068704	12.79386378
RPS18	14.98852106	14.95832127	15.05982293	14.89017721	14.86282985	14.34313553	14.3423765	13.82804458	13.88834734	13.86389063	13.50355303	13.39910828
RPS19	14.17358847	14.29594042	14.38406653	14.25878895	14.31991374	13.97382403	13.9773551	13.54109129	13.44838285	13.36196353	12.91506721	12.73878865
RPS2	16.04966229	16.0700118	16.01386409	15.86626457	15.55050734	15.18581126	14.88145513	14.66053774	14.4696588	14.29006151	13.79485102	13.71958513
RPS21	13.24404017	13.25098635	13.26970311	13.21292451	13.09001413	12.90565233	12.95712598	12.56220939	12.50838575	12.54392101	12.11500436	12.12439423
RPS28	12.97952133	12.95104042	12.99527598	12.89056353	12.85435139	12.60032806	12.60291497	12.2261038	12.25266428	12.18341513	11.84206211	11.71896321
RPS5	14.52996786	14.54779247	14.51463892	14.44460187	14.30202692	14.09027753	14.06662462	13.78286183	13.67758018	13.55069639	13.25423242	13.09196665
RPS6	14.64136209	14.62917416	14.74709615	14.69988066	14.68252394	14.4169596	14.30104915	14.03169634	13.77988055	13.6630077	13.20849262	13.16585094
RPS7	12.82788043	12.82465806	12.89976161	12.74946076	12.71418543	12.43979816	12.36895695	12.0209329	12.16353567	12.16306484	11.79684063	11.68103174
RPS8	15.27361029	15.31967656	15.42496789	15.34513646	15.28028078	14.990139	14.94245	14.55972956	14.50623524	14.35561837	14.03031827	13.91951934
RPS9	14.89963968	14.94847073	15.08660446	14.91914321	14.96404005	14.61279445	14.64734133	14.25601074	14.2730312	14.20012279	13.97458511	13.83598506
RPUSD3	8.924871435	9.045970488	8.885051872	9.16075131	8.974814029	8.868771551	8.786156031	8.776696413	8.789333611	8.796634767	8.826292286	8.787747765
RPUSD4	9.966865435	10.00778287	10.00320566	9.970644944	9.968217069	9.750507264	9.76224463	9.651227177	9.661525573	9.478474835	9.259430362	9.074488684
RWDD1	11.33719556	11.37013001	11.26134091	11.27995501	11.01177023	11.02006211	10.87980782	10.94729869	10.66264498	10.70032141	10.44593309	10.45693349
SARNP	11.52356675	11.3900619	11.4206593	11.51116091	11.28170319	11.37150591	11.2845886	11.32229121	11.10686333	11.06098235	10.76756186	10.72206356
SARS2	9.727138513	10.03390069	9.916398611	10.11933506	9.797882378	9.647023606	9.484482993	9.587337014	9.444345097	9.293536436	9.017424277	9.011294027
SECISBP2	10.23304198	10.34089102	10.13219045	10.34401782	10.01709369	10.14459305	10.0608777	10.05550649	10.05220489	9.921125529	9.843738009	9.885614378
SELENOS	9.882894739	10.28206203	9.444673579	10.0046033	9.466133875	10.27913864	10.08141287	10.45055998	10.35778123	10.58061872	10.41489611	10.51557108
SEPSECS	9.75896961	9.733495147	9.810856065	9.733559751	9.721669371	9.636805133	9.575710645	9.602837936	9.517804072	9.46599917	9.627363419	9.483699042
SERP1	12.08739598	12.01037227	11.5485487	11.95715536	11.45328156	12.03105052	11.6868859	12.0725469	11.77963451	11.83365284	11.67165012	11.59298233
SERP2	7.199192425	7.416274901	7.322147207	7.515504748	7.589282257	7.964488558	8.091185106	8.017057376	8.235991036	8.513760641	8.540590147	8.837505657
SESN2	12.29591089	12.34482287	12.1460898	13.08384361	13.38658256	11.94525385	11.94929716	11.81112373	11.67770488	11.92472895	11.77316909	11.54786756
SHFL	8.452862968	8.096001915	8.067546886	7.756369311	7.901439201	7.493005124	7.513132559	7.192661738	7.395947583	7.200802338	7.472251285	7.643850625
SHMT1	11.67687821	11.90551296	11.74998413	11.97895792	11.26789997	10.74646696	10.50172388	10.37815897	9.819606008	9.122855042	8.386833311	8.224936627
SHMT2	12.42053976	11.85030268	11.92830537	12.68368652	13.2845854	11.3722362	11.3125751	11.12600717	10.94431639	10.88110743	10.48970892	10.33663078
SMURF1	10.59491359	10.6886584	10.66950122	10.775508	11.12076479	11.11734756	11.19804805	11.3157266	11.33482418	11.4679197	11.54666682	11.58615372
SOX4	12.20222364	12.41599891	12.86841278	12.70680404	13.29207376	13.57798613	13.63146501	13.74624831	13.80404984	14.02617771	13.9579687	13.86097991
SPTLC1	10.18857408	10.2094061	10.27233748	10.29059831	10.25311289	10.2157699	10.18602067	10.30628151	10.275202	10.13749897	10.0378633	10.00311812
SPTLC2	11.33776582	11.12502727	10.94313143	10.93065028	11.09030998	11.09805201	11.09799099	11.19924622	11.20677147	11.13542417	11.04033905	11.06803804
SQSTM1	12.47387896	12.16930817	11.98553853	12.24203908	12.26189765	12.75675762	12.72212456	12.83677385	12.97702621	13.14064454	13.24103633	13.28112056
SRBD1	10.89981702	10.95843488	11.08169316	10.89926762	10.98236821	10.58755196	10.54681204	10.41291373	10.44972481	10.24430903	10.01964415	9.93365603
SREBF1	12.21292713	12.22132563	12.28972231	12.52903159	12.35942017	12.17453904	12.02208487	12.04427286	12.05047085	12.32835619	12.58686896	12.73852578
SRP9	11.20794641	11.1041402	10.9871613	11.05228885	10.74937465	10.89609085	10.78256137	10.85374054	10.84014529	11.0529399	11.00141752	10.9229102
ST13	13.75510484	13.54097336	13.57644713	13.34549736	13.11822566	13.06173262	12.97321102	12.98361731	12.82801979	12.83687564	12.75136412	12.68281189
STAT3	10.34053411	10.29149726	10.36436892	9.910725556	10.58575916	10.90969512	11.26756064	10.87949898	11.19432469	11.2134785	11.57532434	11.64861772
STBD1	9.399185472	8.836842772	9.014910632	8.371451782	8.684230896	8.514492633	8.654369791	8.521527822	8.566146102	8.646645015	8.60251705	8.664733449
STING1	8.002926029	7.757187467	7.265346797	7.069158574	7.520023876	7.315960884	7.311477541	6.987055257	7.064279937	6.946328398	7.100596716	7.0812378
STUB1	11.54559372	11.81718558	11.54487777	11.75928769	11.33504689	11.32450154	11.22968358	11.3428802	11.24396112	11.31882349	11.15817905	11.24379703
SVIP	9.32570137	9.160752708	8.747906307	8.612944056	8.691497645	8.830671223	9.014193814	9.25047271	9.876757609	10.66914265	10.511426	10.41640838
SYNCRIP	13.32695888	13.15915853	12.95972941	13.26416095	12.86318809	12.96766932	12.74921929	13.02351062	12.7714031	12.58260811	12.42197491	12.33770071
SYVN1	10.26488236	10.7108823	10.25300193	10.56640742	10.55204428	11.01636529	10.88830579	10.96459228	11.02547971	11.08390892	11.00069263	10.96703302
TACO1	9.499325039	9.563628505	9.531901644	9.746126428	9.530721526	9.637078262	9.614736693	9.59464991	9.523151141	9.487772543	9.225710791	9.175696584
TARBP2	10.68266705	10.9092849	10.6669344	10.78937558	10.60727648	10.59671305	10.53990079	10.61589994	10.51919353	10.3556234	10.1181284	10.07033889
TARDBP	13.75982781	14.07181834	13.78924226	14.30071596	13.62784138	13.9901917	13.67175462	13.84608764	13.6122209	13.30454903	13.02724021	12.97734537
TARS2	11.00534842	11.03478499	10.83915299	10.91681974	10.74684337	10.54352497	10.37110171	10.33285624	10.18534373	9.997605939	9.842415303	9.928822298
TBK1	10.61099727	10.30740255	10.23615854	10.24371504	10.18541193	10.26008208	10.34003054	10.28715682	10.36197274	10.30959902	10.29216765	10.18953252
TBL2	10.95078607	11.14364456	10.80025849	10.85376889	10.59474023	10.34724951	10.28403217	10.23776422	10.19779235	10.32433878	10.3114706	10.41209381
TCOF1	12.87216865	12.95298446	12.74800704	12.91391936	12.30614326	11.95482502	11.70716285	11.64211412	11.30332573	11.04929538	10.58855971	10.53404811
TEX264	8.934217808	8.556479725	8.789319629	8.781585401	9.105767625	9.162259692	9.46781062	9.372517947	9.583581946	9.951155182	10.26942198	10.37629865
THBS1	8.965478087	8.946516283	10.52858816	9.806258358	10.46715733	9.24793038	9.584142525	9.044583606	9.397480694	9.965557452	10.14990999	11.03806869
TIA1	11.99959167	11.77056928	11.95741229	11.92715985	12.26003995	12.16949912	12.36373632	12.21845303	12.43475077	12.29389888	12.54162071	12.54864073
TIGAR	10.27999153	10.16234332	9.762803885	9.973705148	9.79658834	10.36097954	10.27440655	10.58019792	10.24580429	10.11887066	9.704189235	9.807832479
TMA7	11.76651688	11.80673859	11.45670196	11.69309246	11.03656596	11.62018687	11.43766089	11.70584739	11.53542793	11.70177694	11.49110385	11.57250298
TMED2	12.69785712	12.63424594	12.52198555	12.59397406	12.2710404	12.45937116	12.35955449	12.44831093	12.40526216	12.50051541	12.48676694	12.41481085
TMEM129	9.139788875	9.436037485	9.570308446	9.931682849	9.801134045	9.694846115	9.675883273	9.701450626	9.741317914	9.929775489	9.936377753	9.841443296
TMEM33	11.06581365	11.41735671	11.67421894	11.71281702	11.75300437	11.99070394	11.74117836	11.98337695	11.89325921	11.92382778	11.99259446	11.9867807
TMTC4	9.644948942	9.790995555	10.14936627	10.13650454	10.38178795	10.63064501	10.99102189	11.20704188	11.29519329	11.5924235	11.95460526	11.98924605
TOB1	9.797212027	9.568356113	9.405529951	9.475779589	9.595924262	9.9909981	10.13760078	10.11396204	10.41174577	10.6885065	10.88655965	10.80328001
TOMM7	11.26336688	11.17920418	11.11483906	11.00866638	10.83222601	10.75536869	10.70003848	10.55671272	10.5788939	10.66790243	10.42487847	10.41401492
TPR	13.62572536	13.36384213	13.43912132	13.35002947	13.3004644	13.10768302	12.92542714	12.99149644	12.96941508	12.56644966	12.55909379	12.45719034
TRAP1	12.33595175	11.95340638	12.03180808	11.92949668	12.00213097	11.46165306	11.52790197	11.2779729	11.21188272	11.07105257	10.98676849	10.941879
TRIM71	13.29686615	13.3253709	13.53598946	12.88288755	12.81163058	12.2216057	11.67120292	11.40150469	10.96817262	9.943525952	8.918091898	8.384365021
TRUB2	10.70841837	10.91292655	10.90723811	11.25252325	10.96394654	10.89759039	10.91245113	10.95854695	10.85451625	10.76929556	10.57487176	10.50442101
TSC1	11.25014145	11.05352163	11.42300261	11.12948967	11.35860515	11.31134919	11.38108153	11.4320884	11.51569091	11.41240944	11.41655783	11.43946905
TSFM	10.15439011	10.27492862	10.11556668	10.2009676	9.992806738	9.772223343	9.650788758	9.55251631	9.399287703	9.397754556	9.161053992	9.075891992
TSPO	8.856405556	8.715798368	8.527496414	8.181489125	7.874945461	7.586586749	7.709654897	7.240637798	7.320791032	7.408683104	7.128464749	7.116908169
TUFM	11.86433958	12.14183978	12.01428147	12.17666225	11.98388547	11.92012961	11.75299015	11.80989157	11.57821365	11.57265693	11.25931304	11.24703697
TYMS	11.20112181	11.42970377	11.16803251	11.46646529	10.70210339	10.85716688	10.50780446	10.8012344	10.31666667	10.0603595	9.348079102	9.170246555
UBA5	10.45580959	10.5701987	10.17972496	10.5118503	10.27457261	10.69122711	10.58985057	10.81315576	10.67671776	10.68980685	10.66673831	10.80101323
UBA52	14.11215421	14.10753679	14.1759562	14.14980647	14.07027353	13.92588033	13.98754032	13.79354179	13.7608752	13.71360698	13.47738068	13.34191191
UBAC2	10.57719752	10.74129874	10.55834512	10.58280229	10.53740661	10.55118507	10.41906177	10.58549513	10.57059132	10.81266843	10.89464489	10.82999425
UBQLN1	12.78470551	12.58364208	12.52192404	12.47255777	12.4001223	12.46662901	12.37623011	12.49617994	12.30601528	12.28353462	12.15692754	12.19565181
UCN	6.420235861	6.37523277	6.318886942	6.263344712	6.263344712	6.263344712	6.263344712	6.411588905	6.263344712	6.263344712	6.319352075	6.263344712
UFC1	10.80401358	11.00982397	10.77473969	10.99742003	10.74504529	10.8504943	10.75468188	10.9711876	10.8469906	10.92680209	10.76888011	10.7636043
UFD1	10.47229046	10.6681726	10.54145417	10.91197653	10.74913645	11.11586827	10.92435438	11.16603662	11.01484657	10.98330805	10.83000001	10.87076423
UFL1	10.9892838	10.71625538	10.77157329	10.6040193	10.83983126	10.61768851	10.65896479	10.54441744	10.6318868	10.52980503	10.72802608	10.67757437
UFM1	10.57461775	10.52740763	10.28432278	10.62912352	10.31967586	10.88958083	10.75682396	11.10106314	10.93902	11.05060829	11.03136304	11.07142868
UHMK1	11.75552724	11.80062848	12.03579997	12.02586224	12.21510181	12.40266618	12.33703334	12.63283778	12.48777109	12.48444233	12.72443742	12.62359125
UNK	10.97653531	11.17302543	11.35764887	11.43988715	11.39931912	11.19187909	11.26900241	11.12465717	11.2101905	11.15296778	11.17469355	11.13912501
UPF1	12.69244493	12.69245254	12.52405977	12.61643319	12.35881406	12.19455196	12.08272126	12.19154938	12.10346736	11.99574749	11.79732327	11.74226682
UQCC1	10.37833992	10.52847086	10.55119273	10.64748022	10.53194932	10.56001918	10.49416428	10.54982873	10.50304619	10.4330428	10.23356319	10.24881928
UQCC2	10.00371093	10.11850582	10.11578272	10.23361309	9.915376571	9.981389732	10.09390338	10.00646003	9.957129953	10.22335471	9.878892719	10.13461517
USP16	10.60639414	10.64507885	10.37669757	10.58805866	10.37374351	10.44360313	10.32091569	10.44871287	10.30838445	10.16493025	10.04957698	10.14582131
USP30	9.989411247	10.08186594	10.36972222	10.33439475	10.5368793	10.3174777	10.43640974	10.36743571	10.49645658	10.54165704	10.62940489	10.65534632
VAPB	11.57589337	11.62354724	11.84632629	11.76516603	11.91228999	11.88234265	12.09054897	12.15952617	12.20048065	12.28991645	12.22982884	12.09327233
VARS2	10.43040281	10.42942294	10.48049453	10.47340236	10.72745092	10.36002547	10.44983192	10.1223016	10.37698258	10.37915549	10.32295708	10.23429314
VCP	14.75216931	14.96802522	14.76866592	14.95159265	14.69132541	14.87361753	14.56246862	14.76930292	14.60296424	14.5867511	14.37192781	14.40544715
VDAC1	13.88759895	13.88568325	13.87853249	13.70876423	13.37187961	13.50336382	13.46920122	13.47565156	13.43269519	13.49353087	13.53926744	13.67207803
VIM	12.51687499	12.1218772	13.39196349	14.24627781	15.06587545	15.09331281	15.41200768	15.2027208	15.57038009	15.82069705	15.87523752	15.6376209
WARS2	9.153113017	9.2822908	9.470172311	9.358578556	9.626454929	9.258324997	9.345805171	9.318492592	9.30432196	9.316405235	9.43708378	9.392802662
WDFY3	11.39270317	11.66623499	11.95726005	11.97028639	12.23776855	12.51964561	12.42418042	12.74124143	12.63472491	12.35749844	12.55981982	12.38668232
WDR81	10.23288973	10.54860062	10.32190684	10.10721942	10.23697609	10.31894811	10.4632798	10.03854708	10.51025967	10.30183881	10.39245258	10.29590744
WFS1	9.781874081	9.649589406	9.235956699	9.295793659	9.389151885	9.551647935	9.548936444	9.564873046	9.609199974	9.945352694	10.03904656	10.06630863
WIPI2	11.74137807	11.88658797	11.86219662	11.95090627	11.79782052	11.77499937	11.6618187	11.64183962	11.70821352	11.62198255	11.65531204	11.62705527
XBP1	10.59669766	11.27113825	10.20226042	10.62873528	10.40845258	11.37055389	11.22333456	11.2789825	11.25691556	11.38907509	11.14468931	11.1826611
XRN1	11.69057383	11.07968447	11.43413323	11.22309354	11.52400805	11.3819041	11.33797598	11.37865113	11.36124363	10.94275787	11.13599984	10.93637024
YARS2	10.31223554	10.49486603	10.0863451	10.29030686	9.83703811	9.805970848	9.58515261	9.790502723	9.461556474	9.33908756	8.902940493	8.913639016
YBX2	9.09620959	8.296156925	7.823661306	7.549567379	7.58422757	7.309291159	7.676578433	7.353999127	7.64788361	7.61265305	7.956912217	8.076008635
YOD1	8.778148789	8.663991598	8.748915746	8.941313106	8.928594478	9.278172398	9.218941192	9.685284391	9.642493783	9.547508136	9.48737266	9.358382846
YTHDF1	12.17156479	12.28487495	12.03619799	12.26463265	11.91772534	11.91687437	11.75731814	11.86828258	11.72977386	11.67929148	11.43375538	11.44877286
YTHDF2	11.81823709	12.07528544	11.9389466	12.21402832	11.9354433	11.98543849	11.96319508	11.99400541	11.89558895	11.83709279	11.58814784	11.60719318
YTHDF3	12.14290948	12.1393803	12.11573607	12.07735839	11.9608136	12.06744146	11.85313612	12.02609702	11.91377424	11.75008718	11.59092696	11.48051359
ZAR1	6.590712047	6.562395295	6.338615811	6.369712564	6.585648526	6.628245016	6.584313277	6.745134334	6.649027925	6.732974755	6.801215265	6.796053941
ZCCHC4	9.948149498	9.738087345	9.715993063	9.488412492	9.552878539	9.447527682	9.467786493	9.364369443	9.323109162	9.09663386	9.12150621	9.077541091
ZFP36	8.330814029	7.187666939	7.471770427	7.218426475	7.759470261	7.405593119	7.744550109	7.39721103	7.608814936	7.776757508	7.602172044	7.99186255
