-4341.0954768640
-4323.4507541257
-4327.4415367602
-4328.9567024106
-4337.0890991234
-4340.7004928362
-4333.1644457428
-4321.9146996318
-4321.1241458892
-4316.0019437876
-4318.7168873392
-4315.6323700434
-4318.1213917235
-4329.4357035305
-4338.5492417227
-4342.1925598099
-4324.7984223222
-4335.0790209295
-4316.3792594236
-4301.4953178040
-4288.3391428424
-4303.9191364224
-4282.0928421461
-4297.7468695698
-4286.9274560685
-4294.0716900400
-4282.0112778086
-4277.8461351555
-4278.7536113173
-4279.9253495886
-4276.6218917555
-4289.6094675648
-4287.6998044881
-4288.9859366115
-4275.5765260298
-4282.5147165252
-4278.3675005307
-4287.5594261217
-4286.8888202962
-4291.5095412313
-4283.6032927296
-4290.1434933238
-4275.5965231466
-4284.5612709728
-4286.2843294294
-4285.4313536399
-4287.5058264532
-4291.0435483977
-4270.9701817879
-4277.8186230053
-4281.3387526022
-4293.8123604203
-4268.5439844974
-4269.4172221992
-4289.7460816685
-4286.7193340814
-4294.9102539585
-4283.4162137939
-4292.1368603031
-4287.9510196900
-4287.5327413511
-4289.4094342157
-4282.0846221417
-4285.4675650632
-4288.3221906360
-4278.0015588663
-4258.6565801623
-4272.9901798250
-4279.3997276128
-4288.5127083816
-4275.5647371971
-4269.3320449259
-4279.7309280525
-4265.7721499241
-4279.1963553748
-4265.7424471505
-4266.1694915340
-4273.0638240098
-4276.0003840644
-4293.6515735252
-4276.3456947673
-4295.4891693588
-4278.8322742734
-4271.1858189970
-4284.6267626297
-4298.8737748400
-4304.5287312840
-4278.3721035123
-4292.6416440924
-4271.8105229198
-4275.7229151100
-4263.5493647725
-4270.7358649826
-4262.8527783736
-4246.9162865806
-4238.2165774855
-4239.2384098955
-4240.2971772920
-4244.7824249836
-4245.5565344875
-4257.3849098822
-4261.7647929294
-4258.8955873384
-4251.5369056234
-4246.1594762093
-4236.7654826165
-4225.5967237095
-4237.0914538445
-4237.5100791406
-4240.0552762598
-4235.9536369004
-4231.9494597551
-4245.7184873000
-4227.9396346950
-4238.5320304629
-4249.8355572224
-4237.1701419668
-4225.8504997100
-4245.7793814188
-4247.4664664448
-4247.4848535745
-4229.4574603567
-4225.5556132054
-4239.5437838540
-4241.7460866006
-4256.4180104170
-4241.1877380216
-4239.4211774513
-4255.1794769892
-4235.2567083811
-4235.0068144605
-4231.5708316229
-4234.2064181870
-4236.8099455285
-4229.3318710396
-4229.2627688001
-4238.1668372777
-4238.0881981371
-4234.5484362107
-4226.1711458944
-4226.6315539774
-4228.3946176906
-4210.5050572912
-4204.7861780104
-4190.4919412176
-4187.3330636134
-4184.0144118001
-4195.6724176871
-4184.4564224462
-4207.7693158375
-4202.5602574980
-4189.1787883246
-4193.4243516314
-4192.2133759369
-4197.6139150700
-4187.7128860633
-4212.6127684044
-4191.4315171069
-4211.4627635250
-4201.6103018263
-4212.1732491679
-4204.6391898772
-4204.7286024730
-4214.5037606183
-4187.6514724636
-4218.0046626277
-4201.3286025929
-4212.7796635439
-4221.4111919018
-4215.9066349858
-4196.3216665442
-4201.0970366659
-4208.6452949602
-4217.9116883335
