gene_id	0	1	2	4	5	6	7	8	9	10	11	12	13	14	15
AARS2	10.61917114	10.55690849	10.59052975	10.47044319	10.52919945	10.47917112	10.38024167	10.35664541	10.04830994	10.02196305	10.16634589	9.999315353	10.09590568	10.10810156	10.02775194
AARSD1	9.704688018	10.10414416	10.10495941	10.00523667	10.0850794	9.977996452	9.89937317	9.92499387	10.04096278	9.891266365	9.996659288	9.842653855	9.965646015	9.777409213	9.855435883
ABCA7	9.123636535	8.856838022	8.777054024	8.787807676	8.758895237	8.988748748	9.132007935	9.540425821	9.080867555	9.099426774	9.326618319	9.466178788	9.532187553	9.673136276	9.710690996
ABCE1	12.55142121	12.20318165	12.04809962	11.89014505	11.82530637	11.73075815	11.61333951	11.51989679	11.67032263	11.74596703	11.48761636	11.46123121	11.21904647	11.22237914	11.2132482
ABCF1	12.6656005	12.95470126	12.84673601	12.69408084	12.58278573	12.44731373	12.30765797	12.1897877	12.20702984	12.15573201	12.09418692	12.08496316	12.06641852	12.01734213	11.91928968
ABTB1	7.242171224	7.725845974	7.80266048	7.917725237	8.037329294	8.154802168	8.360370499	8.399259353	8.212321374	8.050072028	8.076246813	8.088990692	7.980442824	8.070078153	8.001968521
ACO1	11.45962394	10.95157147	11.12357991	11.19985865	11.21157194	11.29498784	11.33677829	11.32619195	11.22920709	11.40148809	11.29419117	11.30016153	11.22329337	11.27800794	11.17674765
ADRB2	7.370074532	7.063672532	6.985923653	7.263225835	7.156396963	7.239581478	7.135442022	7.054726075	6.945804727	7.038987286	6.935260504	7.180020354	7.290249978	7.332598545	7.337989443
AGO1	12.34599997	13.39403083	13.37738167	13.75214945	14.15047018	14.31053943	14.52066357	14.38680179	14.24622842	13.94461957	13.8992932	13.68960527	13.73540376	13.62395407	13.63595977
AGO2	12.38977974	12.45990013	12.27211583	12.35562344	12.34156733	12.27388094	12.3904407	12.09243193	11.84567486	12.10038425	11.92424981	11.95853633	11.9771303	11.9805058	11.96109424
AGO3	10.23052955	10.04922297	10.1759089	10.34286638	10.34341049	10.36655355	10.51130202	10.34786334	10.2930462	10.56543944	10.58099547	10.61844604	10.59407481	10.68484689	10.76358334
AGO4	10.17901735	10.39960505	10.47936807	10.25196343	10.30318642	10.2750215	10.40887053	10.28991381	10.45153905	10.24352581	10.32925009	10.27832241	10.45826933	10.48780231	10.56570074
AIMP1	10.48618216	10.09695176	10.1351312	9.953480062	10.00468917	9.937061761	9.991737221	9.997929247	10.03053509	10.12420752	10.11869414	10.06726561	10.01223467	10.03700577	10.08930623
AIMP2	10.82135175	11.07845042	10.9546758	10.74080704	10.705712	10.53090527	10.3825291	10.30759772	10.22675749	10.40820606	10.20832421	10.14588207	10.12829999	10.0981264	9.995713214
AKT1	11.95379348	12.20394881	12.1671889	12.42926505	12.5867564	12.68099511	12.71123663	12.84986527	12.80226793	12.88116854	12.88233757	12.90348193	12.93031281	12.92215798	12.84649964
AKT2	11.93987027	12.03328206	12.18835028	12.06393366	11.94890897	11.87684546	11.78116079	11.80176432	11.69958207	11.74167733	11.78384405	11.79595142	11.79430667	11.7833469	11.80328169
ALKBH1	9.466308682	9.71700663	9.476959198	9.565944772	9.578496203	9.501919369	9.477436338	9.283123539	9.529969053	9.442996178	9.384903128	9.412740345	9.342095403	9.382375731	9.40666554
AMBRA1	10.84859107	11.19210949	11.16104068	11.03966761	11.00971893	11.0576507	11.02443404	11.02983987	11.06707318	10.99799364	11.13752002	10.98021597	11.16512134	11.13247407	11.09732445
AMFR	10.90742413	10.96522748	11.20435648	11.39632617	11.35615219	11.47982781	11.56166732	11.67501506	11.70006322	11.79630704	11.8021812	11.89294982	11.98629943	12.01103005	11.94944595
ANG	7.503594749	7.119145288	7.15636492	7.253342137	7.22130532	7.345220466	7.580222008	7.513955257	7.330158442	7.363936756	7.365888205	7.406160549	7.322338502	7.421610436	7.351357149
APOD	6.317878715	6.376727344	6.263344712	6.318248914	6.320130929	6.263344712	6.263344712	6.317126896	6.42175428	6.370333893	6.373272481	6.467021455	6.493770366	6.418665297	6.43742088
APP	14.33270115	14.18245711	13.98470426	14.03055042	14.08126678	14.24920617	14.3903244	14.58645706	14.49430628	14.66986796	14.6622133	14.79376877	14.89918587	14.96788771	14.92717866
ATF3	9.638902138	9.938509374	8.90254985	9.890070508	10.17542886	9.819024236	9.710012027	9.797977986	9.550421503	10.41954565	10.17934313	10.09158597	9.888903032	9.814423837	9.692183188
ATF4	13.63206388	13.3393584	13.38933653	13.42244281	13.36183842	13.27338942	13.20945555	13.29331907	13.26701174	13.46968871	13.43714922	13.31261918	13.31644216	13.13588677	13.14269358
ATF6	11.16619694	11.09974716	11.14638346	11.34900528	11.44588428	11.55843603	11.61810872	11.65649256	11.73580673	11.77872424	11.7535929	11.80767491	11.78045405	11.8438299	11.89984174
ATG13	11.11376375	11.86582721	11.73649062	11.63358382	11.56873714	11.54894135	11.55117376	11.60632293	11.74891828	11.54296992	11.63575699	11.62230291	11.73294553	11.67448581	11.65500007
ATG14	9.709254385	9.906061837	9.793836082	9.638729223	9.721098811	9.714360621	9.537129218	9.354288156	10.04584372	9.684020441	9.731398622	9.784818788	9.703180774	9.665912668	9.739484364
ATG5	10.39391144	9.913347851	9.856323181	9.705250777	9.756172415	9.668043463	9.682248685	9.730450183	9.746503146	9.79202763	9.67691056	9.75704739	9.600476897	9.738803213	9.735393896
AUP1	11.1664695	11.19427032	11.21346275	11.15206607	11.17955841	11.10266408	11.08298268	11.08073409	11.05943648	10.99848708	11.13743471	11.06208877	11.09646655	11.00448261	10.97736934
BAG3	9.745052485	9.904320717	9.826805255	10.29018014	10.31791372	10.38049721	10.26892152	10.26808421	10.15956624	10.44561793	10.47673748	10.30865839	10.41645026	10.30844624	10.31073402
BAG5	11.08577225	11.21594965	11.15365023	11.171736	11.14338549	11.10091406	11.06965816	10.97900635	11.16925753	11.14561179	11.04380454	11.14798431	11.02239729	11.00628862	11.03319754
BAK1	10.62373067	10.17636057	10.19836553	10.10774664	10.07895848	10.08241032	9.999107913	9.900053369	9.649922311	9.952277437	9.91519692	9.838871367	9.872837849	9.843301038	9.799342144
BARHL2	6.31726472	6.319913327	6.465006868	6.451791549	6.320130929	6.335023974	6.263344712	6.337164708	6.334290517	6.316921982	6.263344712	6.263344712	6.263344712	6.263344712	6.263344712
BAX	11.9217168	11.77198813	11.4810326	11.8320546	11.86999349	11.80412236	11.66949427	11.64020665	11.44851881	11.60462902	11.54374079	11.49477833	11.37872119	11.33579809	11.2274424
BCAP31	11.37320131	11.23172201	11.23733531	11.19699287	11.23532617	11.29690416	11.32274881	11.38521757	11.30793087	11.44053744	11.46136678	11.41962438	11.51767755	11.55992752	11.47995819
BCL3	7.430138481	7.390922147	7.372875711	7.640373626	7.812627517	7.733139661	7.843783927	7.878831926	7.782695667	8.14138793	8.099673166	8.114234912	8.213105707	8.264418286	8.111524942
BECN1	10.11235893	10.37766454	10.37346784	10.30915285	10.39154198	10.35476725	10.40336135	10.43616659	10.62861532	10.60422713	10.67728544	10.60767152	10.70719955	10.63442732	10.75406837
BFAR	11.32355358	11.41014146	11.38564037	11.27404032	11.32445639	11.2882661	11.2811125	11.23452067	11.30687839	11.25140671	11.30265879	11.20725724	11.30594116	11.22462326	11.26846844
BHLHA15	6.487457044	6.263344712	6.263344712	6.263344712	6.263344712	6.263344712	6.263344712	6.369351114	6.313533697	6.371144508	6.263344712	6.263344712	6.31258119	6.263344712	6.339206536
BNIP3	10.40460564	9.599610148	9.559853045	9.715352466	9.70689496	9.768864073	9.868816648	9.901751971	10.02900479	9.970716485	9.981390078	9.937177848	9.97983498	9.852214765	9.863725075
BOK	9.445840013	9.590957263	8.541398496	9.605524744	9.979395527	9.766914289	9.708402457	9.777863893	9.473940208	10.4177846	10.14133822	10.21486944	10.05181912	9.992793755	9.853372466
BTG2	10.91182242	11.59791757	11.31686175	11.56320134	11.44351143	11.57181185	11.45663802	11.34440761	11.11189977	11.33973532	11.24044846	11.37083211	11.3282179	11.41501591	11.38543074
CALCOCO2	10.63040295	10.03503098	10.30759691	10.27460695	10.2793989	10.33527489	10.46929266	10.53834916	10.27674864	10.36907923	10.46537464	10.49613322	10.58482905	10.67108794	10.60005482
CALR	14.65907114	14.53763733	14.6768648	14.55740895	14.64125653	14.46338626	14.4384701	14.36189478	14.25766246	14.39956675	14.48449352	14.44774152	14.5583866	14.56502275	14.51795239
CALR3	6.629387727	6.506606925	6.320233855	6.373657833	6.425454058	6.321822253	6.318499418	6.359443351	6.4425111	6.382900968	6.416375691	6.396383784	6.38419191	6.432189118	6.42106772
CANX	14.74952876	14.22946927	14.35567423	14.47386575	14.52792113	14.58615412	14.67290748	14.70784602	14.72526444	14.96682991	14.94745594	15.06381604	15.09336645	15.18436621	15.22810364
CAPRIN1	14.16090404	14.40582963	14.38725692	14.34181602	14.32424471	14.36765693	14.3511026	14.32248363	14.44893764	14.31356918	14.32321865	14.23528921	14.23199138	14.19069465	14.18798565
CAPRIN2	9.919362424	9.204269669	9.415223335	9.343972331	9.453830995	9.521269219	9.630085685	9.685246373	9.662475291	9.748410225	9.804615327	9.809760766	9.788307931	9.778370733	10.00306091
CARS2	10.57618276	10.78918101	10.80047398	10.61373058	10.6152704	10.51811533	10.55278238	10.58358214	10.54663028	10.5274038	10.6379398	10.54210811	10.58350887	10.60825637	10.54939655
CASC3	12.35339264	12.56572065	12.5275525	12.54960879	12.59984851	12.54406519	12.51076354	12.48894679	12.49773943	12.30404901	12.42519429	12.35065618	12.4198335	12.37615916	12.31920435
CCND1	13.05565487	13.9322429	13.55490627	13.51563435	13.45942854	13.4128576	13.3388997	13.23484882	12.80219036	13.22293046	12.79241904	12.90036616	12.44367763	12.45853489	12.09881722
CDC37	12.37110553	12.39642457	12.28004122	12.1948624	12.15068058	12.13223998	12.05822675	12.04531593	12.05682636	12.13518388	12.15127667	12.05746202	12.09279871	12.00462121	11.95933558
CDK4	13.07664567	13.51887978	13.43015082	13.29667579	13.16485614	13.04029229	12.87681808	12.73796416	12.75382119	12.82206609	12.75375057	12.70331659	12.69798182	12.66121387	12.53856529
CDKAL1	10.08411479	10.31632076	10.32221969	10.22627743	10.141314	10.02755792	9.988032301	9.950289589	9.941314553	9.930915958	9.960896651	9.821537619	9.83978108	9.850061505	9.829211519
CELF1	13.07482424	13.25461717	13.25127428	13.20792484	13.11284988	13.10436564	13.03939719	12.95405958	12.86945669	12.87118767	12.81527753	12.75068878	12.71886238	12.72613025	12.67810446
CHCHD1	9.95381128	10.07508134	10.03506101	9.94560261	9.964180996	9.891266399	9.961228951	9.774956546	9.890523104	9.866265546	9.845779992	9.844577429	9.852472757	9.815853093	9.779678879
CIRBP	12.7399457	12.99924438	13.01168552	12.85983449	12.76931319	12.89243901	12.75442635	12.95161485	13.1484703	12.94041659	13.09788111	13.06244408	13.09275106	13.15463333	13.2913712
CLGN	9.717733969	10.18406658	10.31170529	10.13558331	9.935218128	9.967799193	10.03157379	10.0690924	10.12438183	10.10891825	10.07412242	10.23293098	10.0976313	10.23546502	10.28833233
CNBP	13.31590617	13.50395669	13.54893833	13.432041	13.28739595	13.24662375	13.15583568	13.06918902	13.10845486	13.04190253	12.90834737	12.94244007	12.82074019	12.84673636	12.78049794
CNOT1	14.24910452	14.51302308	14.47738769	14.30000011	14.18721522	14.10162998	14.03957955	13.80351125	13.73746615	13.84726866	13.72846534	13.61597237	13.60276357	13.56491966	13.5999092
CNOT10	10.93605861	10.5269394	10.62665233	10.41915048	10.42989992	10.50007321	10.39402724	10.44241815	10.39800842	10.49273782	10.46855726	10.4732444	10.420718	10.46893822	10.42904042
CNOT11	11.13633481	10.94045324	11.00445977	10.8525669	10.81568582	10.86185977	10.761338	10.76785759	10.72956314	10.8379652	10.85225416	10.77093191	10.78396594	10.79491645	10.78116131
CNOT2	11.47438971	11.99153425	11.90504008	11.55907981	11.45640833	11.32229203	11.29578992	11.21135237	11.40971569	11.20350743	11.24126276	11.23353315	11.23410199	11.22228285	11.2867664
CNOT3	11.5156209	11.72049979	11.69405434	11.71639653	11.69927853	11.60759274	11.52665123	11.53049161	11.43823185	11.38225803	11.47615511	11.42935217	11.50627535	11.4716492	11.42867763
CNOT6	11.76706553	12.01751303	12.05896789	12.08681039	12.04734368	12.02759766	12.07170925	11.87790039	12.02181375	11.91928243	11.84468643	11.86954572	11.76666101	11.79427233	11.85693691
CNOT7	12.51129954	12.06985096	12.15061678	12.13584818	12.10820341	12.08617738	12.08824643	12.02031292	12.30208568	12.11596127	12.01987615	12.05884738	11.89790749	11.92058446	12.03448384
CNOT8	10.99256537	10.63921989	10.69825968	10.69816083	10.73343845	10.81225579	10.91109793	10.93560775	11.07917894	10.97954944	10.99419242	10.98607858	10.95194581	10.96678429	11.05500208
CNOT9	12.104507	12.40401794	12.44613994	12.36661979	12.28719163	12.17793419	12.07244967	12.00419226	12.0577488	11.8262847	11.79910101	11.69896575	11.65977544	11.6097081	11.50070143
COA3	10.03670991	10.80080526	10.84872037	10.81949544	10.8298688	10.74387238	10.63053814	10.54410264	10.69890959	10.39341629	10.55747995	10.40575804	10.56936214	10.45475026	10.44569012
COPS5	10.90425169	10.89230033	10.94185123	10.87495053	10.88623657	10.8745211	10.86504938	10.89503986	10.95888682	10.89605244	10.93916763	10.88523363	10.91262295	10.8443509	10.89645405
CPEB1	8.50207716	7.459801746	7.210925284	7.442227693	7.480957832	7.758072529	8.016751616	8.298622261	7.932603184	8.36786414	8.209435128	8.407919961	8.203666089	8.271802309	8.218023651
CPEB2	7.403781188	7.004494332	7.242018021	8.711709299	9.139866831	9.390819608	9.720205701	9.66138975	9.894739344	9.796758133	9.846980284	9.980951047	9.959421032	10.07376258	10.23759226
CPEB3	7.416845729	7.481196302	7.417792623	7.750163231	7.847285158	8.371365278	8.723652996	8.995121264	9.122524351	8.845489034	8.930041912	8.936504344	8.958400808	8.87164744	9.037548093
CPEB4	8.303583645	8.204480316	8.27267036	8.876554743	9.2998967	9.51223406	9.997880672	10.25587833	10.46246485	10.32818279	10.42084317	10.42985266	10.49437851	10.37560665	10.44184526
CREB3	9.851514268	10.54980284	10.3946617	10.51926696	10.58988046	10.54291495	10.5243467	10.5354031	10.55571929	10.59962994	10.63809134	10.55951366	10.68289572	10.59545065	10.58969567
CREBRF	7.682700618	8.002302619	8.259741674	8.70304372	8.892378704	9.016670881	9.23332851	9.294461502	9.38779228	9.109618468	9.188813274	9.300205059	9.264792511	9.352482726	9.416844168
CTIF	9.873450517	9.675748138	9.708567026	10.07973211	10.24517348	10.63203344	10.85419524	11.24889742	11.41254315	11.28058839	11.48339973	11.42899102	11.58186459	11.43784523	11.51661378
CTTN	12.07223106	12.0888554	11.98841807	12.14440941	12.30816585	12.26800831	12.30801669	12.40288804	12.32936371	12.57780422	12.49386907	12.4639245	12.36538387	12.33252739	12.33635478
CYFIP1	12.44288438	12.72783543	12.76093267	12.70813826	12.56505507	12.48896651	12.38504721	12.2833163	12.05105271	12.28786119	12.09284621	12.11551362	12.01074547	12.07208613	11.90896984
DALRD3	9.666775062	9.348708133	9.527730935	9.340189129	9.459153372	9.409688769	9.385511897	9.462157953	9.380378652	9.357791315	9.525368916	9.533863843	9.65505488	9.729659881	9.651199779
DAPK1	11.90985832	12.43801749	12.47392659	12.37011342	12.29896177	12.24091053	12.20254278	12.17389916	12.13928991	11.95619629	12.0092275	11.90034592	12.00336505	11.88156113	11.89412278
DAPK3	10.01383965	10.83344428	10.50276166	10.98953268	11.17343447	10.91898168	10.89740087	11.03437008	10.8721995	11.10879909	11.10282811	10.96257907	10.90294996	10.86775948	10.84881369
DARS2	11.15184206	11.58164056	11.47718279	11.12875137	11.07778139	10.9047233	10.86401568	10.76584517	10.61819574	10.68208911	10.63137191	10.60597045	10.53194556	10.52231301	10.5408915
DDIT3	7.561533626	7.580471543	7.703562352	8.3253913	8.413020434	8.570490377	8.59377463	8.757612435	8.90587862	9.299077538	9.414505306	9.313213706	9.377634477	9.2501173	9.21422148
DDRGK1	9.998862195	9.94228316	10.01921034	10.15130371	10.19194819	10.19736045	10.20330006	10.26460418	10.31367217	10.29480145	10.42115292	10.37408285	10.48824469	10.4360676	10.48193105
DDX25	7.522675012	7.893936725	7.648306021	7.280939502	7.264006082	7.30791514	7.471065594	7.507374359	7.670743644	7.562778824	7.74821209	7.645261109	7.885642662	7.852773697	7.944843542
DDX6	13.04565397	13.4632904	13.67218835	13.52868543	13.51689128	13.53163123	13.53992871	13.36277488	13.53468582	13.451154	13.46200556	13.42310044	13.44381981	13.48093907	13.56326383
DENR	12.02003203	11.45112408	11.38232853	11.27409728	11.21614716	11.19891206	11.16258566	11.10123466	11.32245235	11.47714464	11.40517514	11.38314975	11.35619455	11.36740699	11.48644087
DERL1	11.12251555	11.03723619	11.10681526	11.08496046	11.05286973	11.02330946	10.95739027	10.94242826	11.08803383	10.96957433	10.97910905	10.95576376	10.93520281	10.87812007	10.97766599
DERL2	10.33442045	10.4495174	10.45370816	10.37759201	10.40551219	10.38785852	10.39733839	10.30694494	10.4790393	10.4730657	10.47059163	10.46409486	10.43796144	10.46280253	10.59047685
DERL3	9.243482017	8.991989746	9.056319843	8.453244823	8.380721386	8.225679283	8.052819582	8.088249727	7.855572241	7.925714438	8.027698367	8.069408824	8.062729813	8.244925781	7.979824487
DHFR	13.14313759	13.70276066	13.59131651	13.18646539	13.0723162	12.97497279	12.83979854	12.72615232	12.79164318	12.72640673	12.62633854	12.71586912	12.54418345	12.62691352	12.49624683
DHX29	11.23586633	10.91192276	10.87318871	10.81710791	10.89333017	10.85633669	10.8645549	10.79808119	11.13192085	10.90864603	10.92089748	10.82549245	10.76501992	10.68916455	10.82971397
DHX33	11.68648155	11.74424845	11.50484834	11.3733046	11.25642054	11.0892062	11.01634137	10.83946413	10.83720889	11.02212446	10.83869577	10.82814376	10.76914187	10.75202733	10.70246223
DHX36	12.1459971	11.90286195	11.78812504	11.76553503	11.69131454	11.66879381	11.72017496	11.64643862	11.96183544	11.80963625	11.68132823	11.6989423	11.59085567	11.58150932	11.69580219
DHX9	14.38324931	14.69489802	14.63465906	14.58155828	14.45831337	14.4265121	14.31999421	14.17305872	14.2881896	14.13226384	14.10174796	14.00731411	14.02623717	14.00119381	13.96055201
DNAJC1	9.738951268	9.279089865	9.142151765	9.334771196	9.390282897	9.460294905	9.546558561	9.531882814	9.553896586	9.486644438	9.447825306	9.496856492	9.444152881	9.451991088	9.308836194
DNAJC3	10.770903	10.55928408	10.66030291	10.51971549	10.60058407	10.47942801	10.48189317	10.40546983	10.38274923	10.54046095	10.62672509	10.61863005	10.6823544	10.74954947	10.84979241
DND1	6.991700476	7.151134645	7.135495721	7.287223818	7.354518068	7.252207547	7.225763551	7.306199809	7.282151963	7.374542546	7.406957405	7.347774952	7.292812373	7.301839587	7.318357396
DPH1	9.820235073	9.786491575	9.778819796	9.698662602	9.692239854	9.71800744	9.682235182	9.723949959	9.76562967	9.651704451	9.839553831	9.728234437	9.833757385	9.842421244	9.850109599
DPH2	10.22075677	10.87000258	10.83313475	10.5650253	10.47113203	10.33334917	10.05284596	9.892308271	9.952327101	9.77103088	9.85912767	9.687744713	9.64657954	9.602516428	9.577444534
DPH3	10.37327737	10.33068372	10.32772282	10.45069941	10.51246237	10.56102264	10.56622323	10.60414298	10.85075651	10.86765471	10.85309345	10.85685586	10.80722234	10.84457672	10.91499348
DPH5	10.69833683	10.25832229	10.55069601	10.30125744	10.2646876	10.38592834	10.35371748	10.19470565	10.25998215	10.06952492	10.11051071	10.01322195	10.10339466	10.105905	10.06939571
DPH6	8.92875873	8.545017114	8.55014633	8.549541738	8.484314269	8.491284316	8.420424913	8.43977876	8.457927134	8.461089015	8.395784237	8.418831058	8.344162335	8.494965394	8.492254701
DPH7	10.18590339	10.48198018	10.43274457	10.1592915	10.12670782	10.05723918	9.998237352	9.994963674	10.02687573	9.940503773	9.960799249	9.964496049	9.9126761	9.902347851	9.966418324
DRG1	11.48821461	11.76959627	11.66863605	11.58058697	11.55927528	11.50821075	11.38100667	11.28369306	11.38795726	11.36313191	11.34802815	11.18435742	11.2301801	11.15137672	11.1038017
DRG2	10.44421319	10.32664174	10.31538759	10.24112045	10.18512926	10.17930457	10.2137191	10.21798299	10.10554064	10.12295411	10.1349702	10.22421554	10.18634941	10.20776358	10.2141764
EARS2	11.45440105	11.30103881	11.23418636	10.90720707	10.74945738	10.66157091	10.52890929	10.35644694	10.30455642	10.39288623	10.25615801	10.26105277	10.1678518	10.17256239	10.0790011
EDEM1	9.81210549	9.817157738	9.824215206	9.974130898	10.01152036	9.980763281	10.14878806	10.11731555	10.06063827	10.30257648	10.19370239	10.28251354	10.1598564	10.21640478	10.29007328
EDEM2	9.336059662	8.964798131	8.92464502	8.72168354	8.758826626	8.910031764	8.968162665	9.145191437	8.994066882	9.157627316	9.197086681	9.23087552	9.488215731	9.56964097	9.548377781
EEF2	17.3149244	16.39500442	16.47265906	16.46032628	16.55063828	16.64278058	16.68925476	16.76289634	16.70281623	16.69940511	16.73614584	16.72098455	16.76458862	16.72562009	16.56262313
EEFSEC	9.49604925	9.295199755	9.261050976	9.876115044	10.12548629	10.1920949	10.17915853	10.17951426	10.05071808	10.04270186	10.08714144	10.05371358	10.16089087	10.18772207	10.06940048
EFL1	11.2232297	11.52901346	11.52808573	11.16368801	11.05679278	10.95510953	10.79094827	10.76195438	10.60203011	10.57015929	10.57680875	10.5239506	10.46397965	10.51186286	10.46586754
EGFR	8.893656332	8.886359432	9.07313814	9.732015172	10.01189032	9.991475938	10.02956573	9.848525356	9.797986444	9.609299438	9.366986203	9.264504418	9.133431474	9.105349665	8.90721577
EIF1	13.59322697	13.26971717	13.36173862	13.55666462	13.58518116	13.60287723	13.68518206	13.84643676	13.94889769	13.97973902	13.99672627	13.93097552	13.91182203	13.84454853	13.79617338
EIF5	13.76743489	13.84886532	13.8659298	13.90223608	13.8451408	13.81982465	13.82920875	13.85104478	14.06860135	13.89114806	13.8168421	13.82047021	13.69118214	13.68536306	13.73415828
EIF6	10.97378247	11.23521452	11.25340106	11.21606993	11.21328658	11.11151158	10.98042193	10.94481692	10.96895983	11.05037901	11.08849921	10.96736265	10.95651346	10.89947224	10.83694114
ELAVL1	12.83787878	13.21248805	13.17683917	13.22268841	13.14476816	13.12828884	13.07388126	13.04537614	13.02389531	12.92035251	12.86844051	12.85399592	12.83969842	12.77282276	12.70363221
ENC1	12.34746563	12.33163375	11.9207904	12.05359959	12.261477	12.2937658	12.37784047	12.28047187	12.2570364	12.97712228	12.65795019	13.09090304	13.08129762	13.34087625	13.55623481
EP300	12.70984182	13.24897707	13.22262616	13.32743557	13.27681861	12.98993304	13.12104758	12.77791235	12.72644344	12.55639165	12.50701646	12.43148266	12.54199075	12.44197403	12.47379491
ERBB2	12.5010399	12.78840575	12.95626825	12.36501179	12.15182964	12.0717409	12.02879302	12.0664241	11.68742812	11.80909734	11.89752036	11.98493059	12.08687899	12.19883886	12.07465158
ERLEC1	10.2409025	9.942232392	10.05905871	10.02031429	10.07967912	10.13877228	10.27818624	10.37873504	10.57647862	10.59664118	10.59646334	10.6949648	10.59238661	10.70454743	10.79457209
ERMP1	10.97806726	9.577632357	9.284958506	8.851056343	8.889569319	8.828011323	8.95419149	9.070658862	9.004751681	9.117844212	9.330545653	9.59407322	9.789331481	9.995125825	10.06786341
ERN1	8.493414902	8.609379387	8.786625592	8.912949175	9.031841927	8.92903743	9.088791078	8.975393317	9.020281287	9.270528948	9.160677425	9.142755077	9.194924108	9.10978324	9.150009254
ERN2	6.920654513	6.6155012	6.532973395	6.528480615	6.37327235	6.43500068	6.463034446	6.591032469	6.559587967	6.585920924	6.647197983	6.638263939	6.642963164	6.672516804	6.738936132
ETF1	12.8871241	12.79490334	12.59399564	12.63164854	12.53041419	12.52344671	12.42505006	12.3558769	12.47124903	12.61750873	12.4385062	12.42973692	12.2743082	12.25132532	12.23971278
FAF2	11.60172885	11.72779652	11.77167235	11.88316963	11.86779122	11.8465088	11.83500862	11.85416531	11.9957705	11.93640551	11.9541622	11.86872476	11.91017535	11.86118902	11.88866931
FARS2	8.91920129	9.084792307	9.118376592	8.977120999	9.011773639	8.843809101	8.89105796	8.965178141	8.900822003	8.759231529	8.838835362	8.842291662	8.925821073	8.902868883	8.791593759
FARSA	11.13679055	11.37978019	11.22523265	11.29879702	11.34218371	11.27079863	11.1565462	11.1182337	11.1229148	11.14137075	11.14369575	11.02876096	11.10260737	10.99192664	10.89560878
FARSB	11.83563032	11.67300815	11.48855578	11.24671699	11.06117503	10.92726838	10.81683851	10.72907932	10.92785999	10.97402917	10.79029846	10.68848814	10.52003911	10.50219461	10.49278722
FASTKD2	10.55829253	10.15304824	10.10262825	10.03719084	10.06852109	10.04275742	10.02097055	9.921037664	10.30181137	10.18759731	10.11672938	10.15602611	9.938552394	10.0854555	10.19758419
FASTKD3	9.162282516	8.962894587	8.869802015	8.684876297	8.610463306	8.614932814	8.571663251	8.498466469	8.664634301	8.677972524	8.619568043	8.608603358	8.421708886	8.469799205	8.594093794
FBXO7	11.54123874	11.34594738	11.68093965	11.68962987	11.70016607	11.68698419	11.68951722	11.72473774	11.65299827	11.68610474	11.68114045	11.66887431	11.64285855	11.6450575	11.62786691
FBXW7	10.19965575	10.02242752	10.20355063	10.43158419	10.32129432	10.47396781	10.37733753	10.41448118	10.5556696	10.50958447	10.55624511	10.51668683	10.59093759	10.56344905	10.60759822
FICD	8.124454131	8.636864092	8.896597487	8.914723232	8.8702962	8.925326298	8.751861085	8.655108825	8.618160364	8.402900727	8.454108189	8.367903861	8.417915905	8.410054549	8.46197729
FMR1	10.81561015	10.95025149	11.07290382	10.98100715	11.01425575	10.94676717	10.99698937	10.95829152	11.1222309	11.10117304	11.09600484	11.14110689	11.04009058	11.0861676	11.21630194
FOXO3	11.03629336	11.16853687	11.03958282	11.18940486	11.24041494	11.2246015	11.29417609	11.26261463	11.49078262	11.41316816	11.44154938	11.42947928	11.47493793	11.43516041	11.43791574
FTO	11.4652293	11.46603923	11.30533994	11.1355119	11.16765851	11.18179376	11.35849237	11.48152858	11.62498219	11.43399965	11.46187594	11.43842626	11.47055455	11.49858469	11.48169335
FTSJ1	10.18998209	10.24951603	10.27177961	10.14184252	10.18953071	10.11294446	10.1674303	10.2735968	10.23467156	10.21711904	10.23042188	10.19134304	10.21043712	10.13896237	10.06501496
FXR1	13.33124041	13.00412252	12.98860457	12.78838108	12.76497998	12.77696738	12.77876786	12.75532618	12.72368725	12.74492713	12.71179047	12.70122334	12.62857409	12.70047905	12.67742091
FXR2	10.86259636	11.20475241	11.10283388	11.42933054	11.43889695	11.51294117	11.55709309	11.66981817	11.68839554	11.62630257	11.68271908	11.59711555	11.68697272	11.5661606	11.48899994
GATB	9.95318053	10.02941511	10.024326	9.939194326	10.0330932	9.928728566	9.866702972	9.832987296	9.935393666	9.752916548	9.92818893	9.76990219	9.863568497	9.765039945	9.821670717
GATC	10.54501299	10.57962266	10.7051853	10.77760618	10.87248949	10.972124	10.93338271	10.96416439	11.06597884	11.10176792	11.10735281	11.08555954	11.16875394	11.13217195	11.17724196
GCN1	13.00816362	13.52717763	13.499271	13.27706514	13.17474582	13.02016507	12.91085911	12.71658803	12.53519065	12.61965191	12.52462361	12.41435493	12.46806701	12.44900707	12.34914598
GEMIN5	11.7143492	11.62535285	11.48704091	11.3834206	11.34000975	11.30984582	11.21701558	11.11238449	11.07598971	11.1319281	11.03370035	10.9178097	10.92573473	10.8851771	10.79350927
GFM1	10.83724721	10.52302662	10.59160189	10.69146903	10.63597339	10.75628026	10.74271086	10.73048001	10.90440891	10.85041335	10.79812778	10.76822215	10.67104894	10.66564391	10.74187708
GFM2	10.31203498	10.21027825	10.13497389	10.06010012	10.1639367	10.29365697	10.34955179	10.31298186	10.54741363	10.56040193	10.62650069	10.52171577	10.5775519	10.49093161	10.57731124
GGT1	8.619653623	7.299296432	7.327731965	7.215984766	7.288525754	7.306500712	7.494783095	7.626134529	7.345531056	7.654606265	7.56135004	7.585225057	7.473276531	7.427430832	7.449303728
GGT5	6.356178316	6.723536167	6.583779752	6.562426551	6.862750466	6.909127157	6.918383348	6.934792475	6.814777089	6.710619749	6.67394425	6.683146946	6.711894075	6.846982216	6.830284779
GGT7	10.40954167	9.695804585	9.591989429	9.632582654	9.663861529	9.917139044	10.14151041	10.39072122	10.37680347	10.26248917	10.40152221	10.46044722	10.50612527	10.4902385	10.48204676
GIGYF2	11.93730813	12.05719658	12.17014256	12.16193399	12.11957547	12.12980907	12.11335875	11.99414906	12.01899691	11.94579028	12.02240343	11.89404486	12.04451912	11.98439463	12.07196907
GLE1	10.70610557	11.22036411	11.04679819	10.7389882	10.76915742	10.6388766	10.49071156	10.42031843	10.49153627	10.39182393	10.46525851	10.38064072	10.46753475	10.37642612	10.35617704
GRB7	8.029573105	8.080187927	7.409000662	6.419265747	6.465144883	6.480032043	6.377479134	6.392708765	6.430020553	6.447303817	6.413983009	6.317993372	6.44449049	6.517761913	6.389232169
GRM5	6.602756296	6.510147648	6.566147234	6.263344712	6.541731196	6.704901137	6.575554828	6.616185222	6.65888388	6.788117975	6.814915229	6.818889789	6.966149458	7.072191931	7.265057758
GSPT1	12.97858372	12.64981736	12.60792652	12.75507918	12.73847607	12.77832908	12.74090981	12.71448533	12.74638666	12.85623866	12.72855691	12.67273237	12.53967518	12.536673	12.51251336
GSPT2	10.31656047	10.25067875	10.42331079	10.46983034	10.42950092	10.52129705	10.55888784	10.64281135	10.68734681	10.55676458	10.62757629	10.54617394	10.7451921	10.71870978	10.81337722
GTPBP1	11.97294373	12.12885164	11.92710456	11.81999763	11.65681132	11.57095797	11.44077807	11.41745115	11.45837241	11.37305835	11.44279377	11.46733038	11.52144931	11.5308538	11.46582279
GTPBP2	10.53524731	10.57646312	10.71600744	10.63622723	10.54450969	10.61331002	10.62687869	10.68321735	10.6605251	10.64011494	10.71699274	10.73855413	10.71552074	10.75996297	10.75904466
GUF1	11.10217201	10.46700768	10.53083871	10.4801066	10.49418521	10.48714043	10.52132387	10.49009591	10.62839243	10.56486091	10.43703162	10.46602271	10.32699657	10.39269183	10.51737747
HABP4	10.14815626	11.45927913	11.23891913	11.41648065	11.67227656	11.65761591	11.74367659	11.85938236	11.87528617	12.45236681	12.24215947	12.05715891	11.7827214	11.50146007	11.44860584
HARS2	10.13420792	10.09620916	10.30454824	10.15475593	10.16627023	10.20925309	10.18771425	10.23488961	10.29595962	10.21685198	10.33755117	10.20070433	10.29260968	10.26495099	10.30780707
HDAC6	11.41843133	11.67346985	11.89210022	11.79310841	11.86867538	11.94925529	12.00003897	12.21431834	12.15372998	11.94860418	12.13555462	12.13914491	12.24278841	12.25496429	12.21650287
HERPUD1	9.086650376	9.254018352	9.471370537	9.797314169	9.827898533	10.05961324	10.19112245	10.36334101	10.43792014	10.99495075	11.07420576	10.96829351	11.03413566	11.00338817	11.08564447
HERPUD2	10.16310958	10.22570611	10.2441271	10.06584122	10.06019564	10.05328834	10.13200192	10.2016346	10.02316592	9.936336124	10.01636635	10.0788422	10.07653622	10.11680199	10.05313136
HNRNPD	14.45839766	14.70031491	14.74662915	14.62094977	14.42506983	14.35330136	14.14987213	14.04146172	14.16797615	13.95189719	13.88395181	13.84007657	13.69553691	13.7626266	13.68306394
HNRNPR	13.7484042	14.06990262	14.1570644	14.06471752	13.9301598	13.91549281	13.79293312	13.72899683	13.82881981	13.55759034	13.53621947	13.54307545	13.51472863	13.50884521	13.49941276
HSPA5	14.20145726	14.07819765	14.32584877	14.17029088	14.32243645	14.24836162	14.19669882	14.17900453	13.97117816	14.20775702	14.33855692	14.21404831	14.37505709	14.41178359	14.43115865
HSPA8	15.34999383	15.57360148	15.60921944	15.68531551	15.71134711	15.77403772	15.59694155	15.45518406	15.2131415	15.47745206	15.51821018	15.2821525	15.38037865	15.45434824	15.25797333
HSPB8	6.524290406	7.234750517	7.084684224	8.570871294	9.451910384	9.274255801	9.420119087	9.517041631	9.769632742	10.30895505	10.27128438	10.20513188	10.20189885	10.08514799	10.04159562
HTRA2	9.443587433	9.704917819	9.605088126	9.613031777	9.678476068	9.702816693	9.624258277	9.779013352	9.622295773	9.618559388	9.676909993	9.573161795	9.703742216	9.690086655	9.573011519
HTT	12.73104712	13.09264386	12.89330623	12.96640158	12.93558541	12.74820401	12.75829463	12.40806703	12.39939038	12.32271414	12.19835057	12.04953752	12.11679636	12.01618791	12.01152323
HUWE1	13.89279424	14.57636307	14.63008891	14.61861857	14.55210711	14.32232614	14.50344149	14.0109609	13.86087627	13.87018329	13.73436967	13.64341993	13.74737398	13.66897786	13.61581741
IARS2	12.58471239	12.14152897	12.15214041	11.94627071	11.91477254	11.95126168	11.93085584	11.95258551	11.9737441	12.03047964	11.99121567	11.89866676	11.89195644	11.87812152	11.93342314
IGFBP5	12.56035738	14.54097149	13.33610814	12.58804231	12.45237004	12.65039193	12.68711798	12.57599466	12.23054737	13.2336898	13.67026064	14.45939173	15.03877844	15.42229731	15.64437285
IGHMBP2	9.641533466	9.73240616	9.753676248	9.795722361	9.809984814	9.806261542	9.717905528	9.751816147	9.622196275	9.718687555	9.789151851	9.695412597	9.735909469	9.733483979	9.734166969
ILF3	14.83758686	15.30579419	15.27095503	15.16145445	15.06209023	14.98886604	14.85995462	14.74213601	14.76245067	14.57531435	14.58269064	14.50140491	14.49321662	14.43891292	14.42717239
IMPACT	11.02347515	10.67680522	10.61629843	10.4227016	10.14266986	10.08124586	10.13114777	10.14432623	10.00512662	10.13141089	10.03968583	10.20823056	10.08481369	10.2468295	10.2878502
IREB2	12.3550815	12.104767	12.13768006	11.92914058	11.89548762	11.89291604	11.94499187	11.90227556	12.19875754	12.10033161	11.97572647	12.03463634	11.95731063	11.9342405	12.10799752
IRX3	7.965507754	10.97130563	11.65431328	10.53444534	10.13915973	9.823090012	9.618543128	9.720110667	9.677106203	9.283857717	9.310836034	9.259736687	9.330429313	9.260313126	9.143210464
ISG15	8.210520842	8.17597754	7.986523636	8.645363181	8.727200273	8.496401294	8.52167874	8.513472084	8.09012497	8.379529448	8.153879974	8.176756097	8.025203421	8.013869083	7.85115026
ITGA2	7.763007654	10.02563867	10.43439129	9.282962271	9.140129225	8.596894541	8.547873015	8.2158457	8.753673075	9.071361263	9.226403641	8.961569704	8.989143867	8.771629576	8.954346925
JMJD4	9.457695437	9.79054865	9.810809743	9.896676044	9.845231075	9.757252956	9.785541871	9.832691241	9.692861965	9.744663286	9.661349307	9.648869504	9.705693264	9.638032578	9.58040039
KBTBD8	9.022365902	8.437365455	8.359492799	8.609776608	8.514449761	8.555904359	8.624885769	8.371521108	8.732764254	9.102423129	8.847921167	9.00569799	8.649647512	8.559576035	8.552213804
KHDRBS1	13.6720109	13.87166142	13.96895755	13.86400124	13.84911944	13.82265108	13.7895705	13.78271492	13.93291456	13.65989798	13.68801518	13.60784836	13.62530462	13.53624788	13.63018535
KHSRP	14.30061977	14.48657131	14.49401252	14.33950184	14.25351508	14.20419802	14.04126686	14.04199837	13.91878868	13.84748368	13.79486379	13.77163505	13.77940625	13.75599235	13.6114277
KLHL25	10.02291189	10.39376384	10.17807111	10.18729292	10.09642824	10.21174698	10.20592145	10.1884886	10.12821431	9.991394994	10.07186299	10.07774236	10.10826621	10.16968509	10.0680143
KRT17	6.793842864	6.69527716	6.324254904	6.329477746	6.407125096	6.263344712	6.318499418	6.372670953	6.263344712	6.393297856	6.430010124	6.263344712	6.456114076	6.382806011	6.476648352
LAMP2	10.74110871	10.22942166	10.21989301	10.60319084	10.75721961	10.93453391	11.0995206	11.20598056	11.22637902	11.5624463	11.41418198	11.60960296	11.52962808	11.69240442	11.75465712
LARP1	13.8004875	13.87330579	13.9154225	14.06101644	14.01169146	13.9475939	13.93550976	13.91729988	13.86495742	13.95167125	13.85123702	13.79811493	13.77928553	13.71939247	13.6581296
LARP4	11.40686994	11.28521247	11.26866999	11.42000508	11.39378587	11.37301288	11.37398888	11.17535799	11.2612526	11.31752142	11.19598091	11.27499091	11.10059151	11.1270296	11.18777115
LARP6	9.625829187	9.484758853	9.262025154	9.338650063	9.334887398	9.432468557	9.483815466	9.602689086	9.559676425	9.880030962	9.847472244	9.891837638	9.884317667	9.863867826	9.832790093
LARS2	11.40354519	11.44470627	11.35917377	11.16116719	11.14534969	11.13232543	11.02128833	10.99771039	10.87871293	10.83060394	10.90019716	10.72185461	10.83955063	10.87092341	10.78810922
LGALS8	10.57686661	8.885072488	8.417479399	8.791503578	8.85994444	9.094609654	9.074078916	9.165889381	9.181096169	9.146040593	9.093868045	9.107192935	9.008381307	8.987535213	8.97723242
LRPPRC	14.11275819	13.0974837	13.17127604	13.06476333	13.02822284	13.0627461	13.02792322	12.97929893	13.08890097	13.14787726	12.94854854	12.93788197	12.80039685	12.81862171	12.79766816
LRSAM1	9.344699581	9.042130223	9.176799999	9.119027623	9.242284252	9.430105139	9.51854598	9.666844461	9.591305113	9.769270546	9.917143597	9.844107983	10.00393613	9.967168675	9.953964686
LTN1	10.76655421	10.39782564	10.37371518	10.52129622	10.54749563	10.6378517	10.70457332	10.64618289	10.87512347	10.87288935	10.76217162	10.7657518	10.611656	10.663533	10.78239392
MAGOH	10.63470452	10.78458893	10.77678266	10.74140466	10.65274551	10.48067707	10.35200248	10.27682478	10.3710724	10.18148919	10.13495989	10.12540292	10.03252996	10.05937886	9.98858636
MALSU1	9.729926632	9.687057469	9.563427706	9.414802257	9.384197061	9.226212279	9.254573694	9.155696395	9.172568938	9.26396686	9.126624122	9.122331255	9.111334119	9.121269213	9.059283126
MAPK1	12.55595607	12.66200534	12.65795897	12.8046767	12.79133574	12.79743978	12.78325392	12.75655839	12.71743936	12.78609391	12.70147748	12.71117225	12.67830708	12.7604613	12.73908695
MAPK3	10.86434443	10.46731915	10.49641701	10.58000718	10.60211394	10.69638676	10.89855352	11.10542502	10.84749542	10.95371099	11.0023883	11.07686131	11.11812705	11.11659049	11.00374697
MAPKAPK5	11.11105185	11.15290142	11.12991588	11.19413702	11.16386657	11.18936244	11.17591921	11.15500226	11.2773973	11.074954	11.10829973	11.04181408	11.03462377	10.98652387	10.9948245
MARS1	12.89179178	12.71056724	12.83129733	12.77369232	12.78399911	12.65955399	12.63820392	12.75323363	12.72920549	12.82878098	12.85298326	12.74958865	12.71612831	12.64364111	12.6113342
MARS2	9.585117673	9.321234095	9.252564333	9.463134422	9.310463799	9.274167201	9.141541915	9.056756985	9.113677014	9.108874878	9.018306437	9.096116686	8.951847458	8.918622773	8.889160278
MCTS1	9.718244628	9.475805577	9.434774549	9.435616727	9.601153947	9.478313029	9.569830078	9.632406997	9.938116994	9.81191063	9.786201648	9.780848257	9.702504651	9.669783114	9.798316607
METTL14	10.55907884	10.33519023	10.26518912	10.15451321	10.14846877	10.1278385	10.20963554	10.17414631	10.35070958	10.19666618	10.18319896	10.18347803	10.09258333	10.22129266	10.26140178
METTL16	11.66194986	11.63919112	11.62671302	11.55142588	11.44604786	11.38800343	11.3427256	11.26827599	11.17232802	11.10797245	11.07086999	11.02937237	11.03133352	11.06361906	11.03252495
METTL17	11.09660668	11.42511798	11.32635247	11.04690834	10.86406966	10.79437879	10.59650425	10.55900191	10.57129856	10.41227121	10.52115593	10.39049198	10.3945683	10.34256247	10.32762267
METTL3	10.9068349	11.66383635	11.63756741	11.48838064	11.38057037	11.42923713	11.24590005	11.26659716	11.10851947	11.18796491	11.21827716	11.06889179	11.06629143	11.0501432	11.05232955
METTL5	10.03090197	9.406595518	9.368468457	9.176319705	9.170688783	9.203084869	9.216676105	9.189183988	9.237104025	9.385110743	9.221849401	9.222588776	9.116337542	9.183072834	9.245811714
MFN2	12.34048661	12.65541042	12.50492624	12.49881035	12.50992751	12.44692815	12.41048245	12.42589724	12.48497237	12.46714281	12.45540322	12.35078048	12.42047867	12.35879547	12.30964583
MKNK1	9.519867105	9.426957807	9.46794324	9.223207579	9.210393594	9.240338368	9.372586958	9.453629179	9.34446053	9.263749924	9.343129337	9.333926151	9.318178725	9.317332301	9.43096677
MKNK2	11.79102116	11.4008383	11.46063491	11.50321139	11.55024883	11.6176585	11.56815779	11.62208123	11.62946744	11.51854921	11.63626899	11.48514105	11.61782659	11.4433819	11.38904263
MOV10	11.44812467	11.62977252	11.51877782	11.04653966	10.75157272	10.53643375	10.28340751	10.26003199	10.00521693	10.34325986	10.28921741	10.41955035	10.27246863	10.38648692	10.3452711
MRPL1	9.925632075	9.982754671	9.869533652	9.763064642	9.773011398	9.671696691	9.663215897	9.474703928	9.694018607	9.602473953	9.518831091	9.520912836	9.31072422	9.355776211	9.394302793
MRPL10	11.07778093	10.88276944	10.78345394	10.57111036	10.69370096	10.61329777	10.56009289	10.58391356	10.52636222	10.38143281	10.47064766	10.42063109	10.49425518	10.44374135	10.3873684
MRPL11	11.23736457	11.45384008	11.32401652	11.12879465	11.0679959	10.89042768	10.73009203	10.55989117	10.49522739	10.4416702	10.41429614	10.33451112	10.29616566	10.22949808	10.10104197
MRPL12	11.36327874	11.26855248	11.28396104	11.31356347	11.23426682	11.16902149	11.0856976	11.01040887	10.90216843	10.97678472	10.81002186	10.80051107	10.80415999	10.71480731	10.5204701
MRPL13	10.73823478	10.70216306	10.60100505	10.50301805	10.4695458	10.39308525	10.32961822	10.32053477	10.34873243	10.36013552	10.29287701	10.16585022	10.15634868	10.21209182	10.17157098
MRPL14	10.5027716	10.26088413	10.27362831	10.30193165	10.31757496	10.24452753	10.09939941	10.07518457	9.843463241	9.911637723	9.822016818	9.893166895	9.833523623	9.845686082	9.639686847
MRPL15	11.237168	11.30517168	11.27148514	11.22233676	11.18042974	11.11017389	11.06299897	10.92758747	11.01671138	10.94768707	10.88639611	10.77438811	10.81118775	10.75203055	10.69703424
MRPL16	10.28035001	10.27521478	10.16098583	10.01253817	9.956841903	9.888288764	9.91281903	9.897283005	9.767548376	9.788624321	9.795071007	9.757599531	9.753937232	9.758123922	9.699200013
MRPL17	10.32638997	10.61952508	10.45763591	10.32599595	10.2577831	10.21779315	10.13999327	10.04559744	10.12868685	10.3126583	10.21143104	10.25217562	10.21671114	10.20443794	10.12889628
MRPL18	10.38302632	10.40536477	10.35867811	10.34770394	10.25518363	10.3456401	10.14815333	10.03225383	10.05920232	10.14419603	10.14626892	10.02546979	10.03384746	10.09478521	9.984569732
MRPL19	11.14854927	10.87222461	10.91318444	10.77205545	10.82077493	10.81463315	10.85891302	10.76763817	10.7823174	10.9234275	10.77422914	10.78729079	10.76782668	10.80772773	10.85760109
MRPL2	9.697643379	9.703234056	9.610912486	9.503153688	9.622949623	9.638618697	9.584794837	9.585441946	9.476550669	9.493479087	9.518759082	9.388531396	9.487155303	9.397243746	9.354165194
MRPL20	10.61626556	10.97058962	10.90311876	10.95373973	10.9254681	10.7977539	10.77214399	10.62729925	10.72055341	10.6618053	10.66036814	10.63369122	10.65100963	10.55365905	10.51542666
MRPL21	10.04446163	9.964084469	9.964035973	9.971985498	10.02833466	9.913143241	9.934751363	9.943649477	9.94351758	9.956012394	9.961854428	9.907549535	9.925399009	9.854276188	9.712669148
MRPL22	10.27701575	10.2264624	10.24981579	10.23870979	10.2080781	10.1695163	10.09176751	10.06179956	10.06159435	10.04214595	9.996794171	9.899589549	9.94025439	9.869357197	9.869674016
MRPL23	9.267824699	9.689270886	9.699317976	9.64666299	9.681660741	9.589313045	9.492645243	9.498386362	9.37046294	9.393340813	9.402578963	9.238383758	9.2767804	9.254753843	9.126151537
MRPL24	9.713302811	10.06537912	10.08236337	9.83866725	9.833591394	9.716440134	9.671197924	9.619070128	9.543282763	9.649412026	9.701156357	9.641332965	9.691421852	9.619777482	9.551856709
MRPL27	10.01484111	10.28445126	10.25568181	10.19393414	10.22378905	10.08896873	10.0054435	9.94013585	9.97351548	9.897823246	9.943774303	9.906187755	9.930936052	9.85525611	9.867930847
MRPL3	12.20099378	12.18353622	12.1280559	11.92242589	11.81992835	11.7652814	11.70219114	11.57052614	11.74101915	11.77236939	11.60690894	11.57601044	11.47502863	11.4722125	11.47630476
MRPL30	11.86796036	11.58955969	11.59058024	11.42354602	11.37177855	11.38854398	11.41166217	11.35323916	11.48751939	11.35108128	11.3251697	11.25602959	11.16296241	11.1331004	11.12665299
MRPL32	10.16594821	10.39199668	10.22429854	10.21981012	10.16237835	10.19686909	10.16068144	10.03638695	10.13668325	10.04460261	10.11178121	9.953623823	9.976434113	9.947835559	9.996769626
MRPL33	9.807798434	9.697142049	9.789688624	9.930656102	9.961798173	9.952222338	10.0049069	9.924834963	9.994936543	10.06320956	10.0336372	10.03609806	9.956612219	9.988502583	10.02973829
MRPL34	10.01015318	9.505032251	9.507207839	9.50636381	9.528597439	9.695084797	9.797760555	9.759539664	9.606443158	9.679116536	9.692508197	9.639776645	9.657553783	9.616091446	9.448301699
MRPL35	10.61629772	10.47608194	10.49960907	10.49047584	10.53782375	10.53628092	10.59091409	10.58222563	10.71404609	10.63978676	10.64285872	10.53633792	10.53217815	10.52957002	10.57585508
MRPL36	9.429123265	9.431891307	9.586824805	9.659297163	9.668292084	9.639826836	9.621470917	9.547909915	9.40567377	9.588552253	9.469201483	9.498032651	9.453429845	9.39633777	9.282196923
MRPL37	11.86805519	11.86780439	11.68251419	11.62664214	11.60689651	11.51229987	11.41655031	11.39790067	11.35607411	11.54143181	11.47213036	11.41296954	11.38391628	11.32190901	11.28252843
MRPL39	10.52153123	10.59284699	10.60202897	10.60889919	10.54395712	10.39426761	10.3531973	10.16034467	10.26725941	10.13709501	10.01071926	9.918011109	9.890666954	9.861240716	9.869455912
MRPL4	10.44823696	10.43812066	10.51952082	10.48911818	10.52458338	10.4575342	10.31454404	10.27189951	10.20220141	10.27592611	10.19949589	10.18570863	10.1754821	10.15990545	10.07452777
MRPL41	10.04283027	9.844838126	9.872852188	9.958619753	10.04930005	9.962122664	9.909386204	9.916064215	9.77254343	9.869156492	9.8769597	9.812285173	9.919845457	9.880884116	9.735955776
MRPL43	10.11866279	10.18453979	10.18280565	10.10956628	10.10932329	10.0566633	10.099819	10.09777829	10.06576953	10.08359556	10.03903308	10.08076285	10.0571068	10.10625321	10.0685761
MRPL44	10.68930373	10.68523183	10.68355178	10.61094109	10.65785853	10.69063119	10.67601522	10.67154925	10.79580699	10.65775694	10.78608259	10.62047751	10.75838444	10.64835011	10.64650917
MRPL47	10.75525851	10.86573879	10.8557323	10.83792521	10.7885829	10.75684211	10.6642185	10.65711698	10.74585732	10.65799661	10.66574154	10.58132892	10.5462958	10.48663084	10.47463997
MRPL49	11.20977527	11.18272524	11.01744712	11.05230295	11.01185258	11.03077698	10.96345674	11.00008665	10.90417002	11.12519118	11.13536842	11.1017148	11.1173699	11.09601374	11.06056015
MRPL51	11.60720601	11.92036764	11.89464601	11.81892349	11.81104575	11.70674956	11.63324953	11.49830559	11.52317759	11.53191734	11.56084161	11.47197021	11.4604647	11.41751131	11.38699847
MRPL52	9.701371458	9.821670949	9.792168034	9.729173414	9.728861257	9.708094435	9.64421006	9.580201025	9.593691882	9.601775071	9.707774618	9.61738039	9.685381696	9.602394858	9.612020333
MRPL55	9.252374828	9.138605719	9.155121781	9.019527726	9.038356921	9.020686881	9.068125361	9.004299278	8.918675591	8.918328463	8.960580748	8.939414882	9.056189416	9.000266866	8.955659917
MRPL57	10.11708495	10.40441755	10.47995837	10.46947242	10.47727013	10.42214627	10.38104535	10.35463757	10.32260178	10.30034137	10.32669018	10.3396294	10.38704925	10.39080102	10.37902061
MRPL58	9.633038843	9.648708308	9.624319992	9.655147135	9.599277599	9.509109935	9.49242766	9.460881012	9.372901089	9.417455435	9.4533406	9.320303099	9.320375596	9.295586005	9.250156368
MRPL9	10.94834521	11.16174777	11.17528114	11.13808804	11.15024266	11.09471992	11.04117672	10.9910074	11.00482767	10.87788941	10.94402847	10.81391228	10.86753521	10.80753929	10.7365166
MRPS10	10.64622293	10.40707106	10.36776957	10.16143198	10.2477711	10.14342189	10.13948946	10.17192773	10.33332717	10.2981158	10.30457366	10.26262119	10.18794448	10.16333468	10.32028919
MRPS11	10.09424662	10.3046793	10.18676601	10.23015864	10.37820282	10.37343839	10.36634537	10.32235324	10.37667189	10.24742603	10.3401826	10.22244936	10.32220812	10.23665227	10.2516154
MRPS12	9.571085756	9.509057697	9.519845935	9.438101019	9.404642976	9.238436569	9.234614429	9.016663232	9.077346666	9.2355706	9.217142737	9.027194605	9.159306017	9.025012393	8.968690259
MRPS14	9.810651293	9.803864337	9.908278577	9.917774332	9.921283263	9.995505806	9.946029081	9.979762362	10.04506314	9.851575018	9.977238135	9.900063915	9.920015618	9.947136871	10.03268894
MRPS15	11.58444006	10.97845045	10.91728068	10.84986278	10.85038376	10.81226118	10.79587599	10.73742681	10.63029301	10.69279389	10.65311658	10.60189151	10.583943	10.45361942	10.4020028
MRPS16	11.80963528	11.78804206	11.78549623	11.66322548	11.69622596	11.57248683	11.48717186	11.4892131	11.57876613	11.50777602	11.47736258	11.46896461	11.45136687	11.42025264	11.42722507
MRPS17	9.538193852	9.30283688	9.431124285	9.516306611	9.467377138	9.443988148	9.402502641	9.38630267	9.417425753	9.458683352	9.422635787	9.411761103	9.39922225	9.301195321	9.291702719
MRPS2	11.38024172	11.23980692	11.24299214	11.06791273	11.05777657	11.00050679	10.86241431	10.88847927	10.78210348	10.73920285	10.70134137	10.6763325	10.70266698	10.64050816	10.45281297
MRPS21	11.18379378	11.33131359	11.27348341	11.13706268	11.11673032	11.13689546	11.1215941	11.10152851	11.1903209	11.19251246	11.23457718	11.16626022	11.22410609	11.17262403	11.18772491
MRPS23	10.6494684	10.71026172	10.76227256	10.71908533	10.68285977	10.61432588	10.54730677	10.48460484	10.51128774	10.43262492	10.46005807	10.36145117	10.43193214	10.38079865	10.31279306
MRPS25	10.59472305	10.31338038	10.30090709	10.20585228	10.23466209	10.20150339	10.22158221	10.21275946	10.28743776	10.33990118	10.36864977	10.3233309	10.34910779	10.31250212	10.40583527
MRPS27	12.52315076	11.97733822	12.08216435	11.76354458	11.72202513	11.6224916	11.59293404	11.56985103	11.43684663	11.39373897	11.3611162	11.3237637	11.28559554	11.27022047	11.15024619
MRPS30	10.6740895	10.50492919	10.52845832	10.65787741	10.6618117	10.62541798	10.68045054	10.5627899	10.63733615	10.64326738	10.56471187	10.5800154	10.51393231	10.5476472	10.54663082
MRPS34	10.79897677	10.91266693	10.9657981	10.94436217	10.88992768	10.80507912	10.73960682	10.66799138	10.53497815	10.56320344	10.54409409	10.46035301	10.53257219	10.42607255	10.34687904
MRPS35	10.56924726	10.4001909	10.45373243	10.39735402	10.45928336	10.49009342	10.37856749	10.36251757	10.61355352	10.60915744	10.56294475	10.47756047	10.46090194	10.37629545	10.41288329
MRPS5	10.92552998	10.90313995	10.94895566	10.78297774	10.71570522	10.63340098	10.626225	10.72123076	10.60366641	10.63613762	10.61065589	10.71874819	10.69832787	10.69895611	10.57130771
MRPS6	11.12558125	11.88695407	11.59038891	11.31400771	11.2249956	11.09346047	10.97543819	10.90201785	10.86862563	10.83760974	10.86611338	10.87004266	10.92414239	10.87361983	10.90145422
MRPS7	11.36979542	11.50238849	11.39183604	11.33243333	11.35722834	11.27570584	11.14281888	11.1058173	11.13277073	11.08317989	11.07910977	10.98424317	10.96915488	10.90754459	10.90790022
MRPS9	11.31595397	11.04038591	11.04838669	10.84648057	10.79099312	10.79037021	10.64925135	10.63080378	10.661787	10.56419831	10.54191803	10.44337006	10.44384853	10.39959599	10.38043982
MRRF	10.32337959	10.38121953	10.52351592	10.42678549	10.40309658	10.2166668	10.20138977	10.1336038	10.03631449	10.03636132	10.01118961	9.973836357	9.882579128	9.830823169	9.902608145
MTFMT	9.470815808	9.319354092	9.310932274	9.153007302	9.119737302	9.148124546	9.056425769	9.099399541	9.05836745	9.125074203	9.004444332	9.091950086	9.023673591	9.013273863	9.048713966
MTG1	10.45297911	10.59874202	10.61653549	10.52286012	10.50859283	10.37976042	10.36067095	10.28921882	10.24311393	10.19592077	10.29114799	10.19027874	10.23668441	10.13866466	10.23634153
MTG2	9.800220896	10.00033255	9.989836499	9.797274754	9.788612991	9.745059991	9.636142148	9.543984441	9.637259788	9.540996115	9.625375246	9.613673577	9.629573765	9.589742919	9.613832152
MTIF2	10.83427391	10.54476398	10.54788139	10.38845761	10.40429771	10.38163606	10.33102594	10.26398893	10.39400051	10.34604777	10.33060876	10.20793466	10.21318448	10.19253673	10.23050945
MTIF3	10.59598815	9.37556898	9.226481231	9.233191675	9.253388358	9.300462096	9.285427665	9.348772366	9.380591643	9.322189112	9.338758922	9.320513129	9.323317253	9.341601795	9.371774215
MTOR	12.86885044	12.8232082	12.8729639	12.69307524	12.64570221	12.52506184	12.55321053	12.39202672	12.27793625	12.21127736	12.17892131	12.14413805	12.24759067	12.19235325	12.10153427
MTRF1	8.852878106	8.550155058	8.57381527	8.479676818	8.440347877	8.448083284	8.46957841	8.505866332	8.514197974	8.432412737	8.465512428	8.499596553	8.353316439	8.462639989	8.479216697
NANOS1	8.798807367	9.297632722	9.355970126	8.959007622	8.871308615	8.711313007	8.469925553	8.397962131	8.658677995	8.244213656	8.385384576	8.311777308	8.393414388	8.358060545	8.323556962
NANOS2	6.340426228	6.319913327	6.320233855	6.263344712	6.316486133	6.345993651	6.42049982	6.353711152	6.444350556	6.317567239	6.340054778	6.317993372	6.383865502	6.333163929	6.417139687
NANOS3	6.658626676	6.263344712	6.381144047	6.263344712	6.412081276	6.45299969	6.704726414	6.823644101	6.802483025	7.257811656	7.137941492	7.291611326	7.32829466	7.419479636	7.348771594
NARS2	10.52521153	10.28285451	10.39008498	10.34450825	10.27250784	10.29291433	10.1928922	10.16502269	10.22892454	10.03202257	10.09407325	9.995593945	9.963539919	10.02457702	9.934717446
NAT10	12.18353367	12.10440756	12.05984824	11.91371795	11.76323082	11.68199742	11.54130042	11.43537684	11.31334716	11.29067323	11.24610594	11.09970112	11.1128416	11.10126736	10.99915333
NCBP1	12.13994465	12.10232967	12.02526399	11.89992635	11.93195274	11.94259257	11.94913501	11.80389026	11.93072872	11.91995254	11.91110706	11.84901819	11.84970559	11.84911156	11.84430721
NCBP2	12.00658975	11.69201089	11.78706961	11.72992403	11.80841358	11.84825666	11.85272264	11.84637937	12.07270387	11.99826062	11.9839229	11.92676831	11.90845995	11.89439021	11.97900691
NCK1	9.923738389	9.447207781	9.480770232	9.692672519	9.591575953	9.684566188	9.626740926	9.538110125	9.6914879	9.605398269	9.549381459	9.580844556	9.533621387	9.557981359	9.53277458
NCK2	10.96045018	10.96522804	11.11685106	11.25808591	11.30495586	11.24648529	11.24544174	11.26316689	11.33875815	11.2479538	11.28811228	11.25773813	11.31128882	11.25311771	11.26387557
NCL	15.71850425	15.7298421	15.7032426	15.53194743	15.33572388	15.2808571	15.13047373	15.01549281	15.08659706	15.0575501	14.9506183	14.90289588	14.819912	14.83172426	14.75326912
NDUFA7	9.779871728	9.764781345	9.755334198	9.771374878	9.81784635	9.832379224	9.791763957	9.805678265	9.806806757	9.778143356	9.779967187	9.814720009	9.90883612	9.770517079	9.71032706
NEMF	11.13779991	11.01052349	11.00781747	10.98169314	10.98156041	11.13215993	11.10004845	11.10892299	11.29845927	11.2342687	11.3087834	11.22759184	11.19592941	11.19976634	11.35610036
NGDN	10.2112213	10.4191521	10.44509402	10.46879131	10.33234064	10.24132031	10.21661312	10.14280147	10.20385654	10.04657781	10.09632588	10.0237086	10.07297731	10.05413752	9.954840777
NGRN	11.92723851	12.49573251	12.67388977	12.78603133	12.82675201	12.78503864	12.79985748	12.8375427	13.01009763	12.73618219	12.87974559	12.84774888	12.99191341	12.92941883	12.9307845
NIBAN1	7.864733374	7.37122993	7.509011347	7.949167287	8.332585765	8.361198471	8.319982563	8.352247424	8.642259106	8.983823345	8.789187607	8.663890729	8.49070941	8.359530445	8.378277795
NKX2-2	6.263344712	6.579780788	6.497172857	6.947687425	6.970213891	7.119162052	7.297208755	7.379357182	7.556643478	7.585785536	7.611872292	7.893737707	7.971599575	8.09141887	7.974636845
NOA1	10.8418036	9.918600173	9.911353394	9.685267194	9.686295746	9.872382291	9.889731367	9.919719838	9.862898696	9.896169379	9.913876287	9.887680892	9.887041481	9.924603861	9.780738978
NOD1	8.54728173	9.718478009	9.285088053	8.749667544	8.822385173	8.66047775	8.744378576	8.683808836	8.57770611	8.534944642	8.400769628	8.396095912	8.198464894	8.278390533	8.024975454
NOD2	6.813887309	6.506558565	6.497172857	6.517425069	6.593555423	6.564404202	6.605752305	6.465449753	6.516822002	6.501156208	6.437438109	6.41141335	6.614028028	6.717639089	6.591798504
NPLOC4	11.95275948	12.1571285	12.09744977	12.16164257	12.10406547	12.11438089	12.04513234	12.10311984	12.02213584	12.11160207	12.0392359	12.00339948	11.96584316	11.92034972	11.95073733
NSUN3	8.625116735	8.941090724	8.880733862	8.906399125	8.991423605	8.918389913	8.934341811	8.71609112	9.099204482	8.896573558	8.984626308	8.882906755	8.841664916	8.788547945	8.833689782
NSUN5	10.05451759	10.47259079	10.44329678	10.34554044	10.33658006	10.20817051	10.06333071	10.02661803	9.968652576	9.87107994	9.82748513	9.729880929	9.794560737	9.785015061	9.703358347
NUFIP1	10.10200255	9.854506991	9.797712537	9.679738885	9.445245662	9.36572355	9.292433634	9.247582512	9.270984875	9.285257164	9.19984818	9.15854974	9.077249144	9.073608879	9.08128435
OGFOD1	11.38085328	11.33213909	11.22603815	11.14184662	11.11400718	11.09657238	11.05597703	11.09431673	10.98815702	11.13238746	10.94392035	10.86826955	10.80247488	10.76049175	10.70688861
OLIG2	7.662835429	7.927547187	8.992322182	11.06351511	11.35295747	11.59218757	11.65933845	11.62875315	11.47849296	10.64872039	10.56060479	10.42596734	10.28906789	10.2746217	9.90602205
OPTN	9.346701079	8.866888083	7.877387123	9.488561079	9.81978333	9.866768201	10.16133093	10.4497218	10.4427367	11.00890742	10.83356619	10.93379895	10.79887665	10.78821875	10.69531614
OS9	12.28042367	12.308036	12.26148247	12.15527716	12.28905288	12.29701118	12.33366552	12.45722975	12.54422503	12.4845939	12.64531442	12.64607287	12.8302856	12.78070848	12.7790631
PAIP1	11.99371648	11.73463766	11.7693997	11.72452998	11.73714795	11.81545813	11.9023456	11.94830574	12.21239632	12.11395695	12.07871223	12.14058988	12.08913035	12.15848962	12.26689673
PAIP2	11.68114131	11.70178664	11.77882537	11.82243336	11.76907017	11.86294303	11.96382507	11.96918705	12.04747071	11.85075548	11.80949924	11.88373978	11.83650298	11.89183494	11.86167591
PARP16	9.615740998	9.255762468	9.242830185	9.175280344	9.066691779	9.163886536	9.082916495	9.143612636	9.149898006	9.05349313	9.109619151	9.068006396	9.122233872	9.084096394	9.067975462
PARS2	9.326105235	9.289265183	9.25173862	8.978288303	8.915075462	8.864400254	8.726895211	8.596197768	8.678770844	8.662733832	8.719109807	8.70122181	8.801621906	8.769600588	8.72175268
PATL2	6.70074782	6.464959855	6.320233855	6.491166015	6.435556377	6.449589917	6.475654526	6.549714138	6.500780235	6.592039597	6.549746859	6.584076005	6.498815001	6.589932262	6.594002211
PAX6	6.684162703	13.68238076	14.04917402	13.45137473	13.12462235	12.71085712	12.31278531	12.12838447	11.94472685	11.60319601	11.60083673	11.48182893	11.34050044	11.39031435	11.1898009
PCIF1	10.27394452	10.69756976	10.72818395	10.73244169	10.58392646	10.64267142	10.51677362	10.55144529	10.59646873	10.37436951	10.51991183	10.52761845	10.6842083	10.64311231	10.59614851
PDCL	10.05047533	10.19097542	10.23955329	10.30446194	10.32586113	10.40819999	10.48329775	10.52015554	10.40477377	10.32303389	10.34743158	10.36195255	10.41416137	10.40043684	10.36157637
PDIA6	13.96658408	13.76597686	13.84539544	13.71006665	13.77732072	13.67896924	13.65850333	13.59500367	13.52860203	13.52777596	13.52295714	13.53141827	13.48326839	13.55693268	13.47537577
PER1	10.1698345	10.2022187	10.07493467	10.22399199	10.28473719	10.34653427	10.41688471	10.4850222	10.36430324	10.32943064	10.41368185	10.38194468	10.46411212	10.37263366	10.29062806
PER2	9.209371927	9.52362244	9.511233584	9.622328152	9.638447576	9.326104384	9.199991579	8.895860728	9.115257121	9.086317445	9.124482559	9.110605806	9.012601644	9.022454572	8.991536466
PHB2	13.04525648	12.75665735	12.80543997	12.80061959	12.80260053	12.79542238	12.79128592	12.78676355	12.75706274	12.68505753	12.71429788	12.65470896	12.68110766	12.6195297	12.48627675
PINK1	9.204597729	9.62052569	9.725058337	9.762870517	9.96299442	10.2320289	10.39244445	10.58635154	10.82588508	10.66412324	10.89326309	10.90897539	11.14494801	11.05367227	11.09930915
PIWIL2	6.48717984	6.384976628	6.508962284	6.562426551	6.491428416	6.486199105	6.614236732	6.58462673	6.43885814	6.557263432	6.549191252	6.535891471	6.550691069	6.546607168	6.575847583
PIWIL4	6.646042079	6.509969467	6.585988795	6.67075738	6.766739739	6.796548317	6.609291773	6.592489302	6.761488704	6.65592985	6.689256143	6.691963673	6.736685184	6.779247053	6.770387341
PJVK	7.205275162	7.255136988	7.134212138	6.985796036	6.968254577	6.915158737	6.944693073	6.94653027	7.009634438	7.00462658	7.09251792	6.9628918	7.060063108	7.014617003	7.127457167
PKM	15.60080724	15.72767845	15.64687174	15.52330393	15.4462797	15.34960462	15.13473969	15.01373121	14.97908287	15.00613999	14.95400982	14.82689641	14.84274267	14.72805864	14.65230024
PLD1	7.725976908	6.782378646	6.820506805	7.115251647	7.184543773	7.497268682	7.580392544	7.719135305	7.803854691	7.886308813	7.930457241	7.940829217	8.068041899	8.068397475	8.197789644
PLXNB2	12.77058461	13.19371924	13.16919933	13.17771383	13.11100399	13.14214258	13.13893396	13.20231964	12.97135302	13.28281005	13.27332323	13.37701267	13.47732455	13.52464086	13.44812338
POLDIP3	12.46962683	12.76741692	12.73733386	12.66656147	12.63882804	12.61069525	12.48632902	12.40364723	12.3935121	12.23107563	12.3706014	12.21833175	12.35038512	12.27896533	12.20016551
PRKDC	15.1570169	15.48412456	15.52195431	15.29181592	15.0926628	14.85315377	14.87278014	14.34513568	14.19819229	14.30826197	13.96533864	13.93236615	13.80982273	13.88900111	13.76659663
PRKN	7.481218016	7.742928275	7.820256052	7.609716435	7.573231649	7.676179338	7.754680143	7.881948049	7.854644702	7.668407119	7.763078887	7.747445293	7.853209299	7.821081117	7.776493024
PRR16	6.624028059	6.400213892	6.452073141	6.851927919	7.016688042	6.889526035	7.00460283	7.076660654	6.765957962	6.825212951	6.999896494	6.819733224	6.912036821	6.910126541	6.904950888
PSTK	8.17447248	8.223870198	8.201348201	8.038579324	7.994253232	7.907794861	7.916940236	7.9327272	8.045695486	7.923280533	7.917347386	8.018315058	7.929991736	7.99553032	8.017638415
PTAFR	7.035488537	6.851316127	6.786236455	6.790314761	6.865113877	6.877139456	6.839233356	6.876793076	6.709829852	6.708886898	6.759696083	6.697397575	6.63790738	6.692831352	6.739044338
PTCD3	12.00934227	11.85238899	11.95527364	11.87846471	11.7818508	11.70734224	11.68150682	11.62187435	11.7019442	11.68834773	11.59793658	11.56967473	11.5359182	11.57052382	11.59449689
PTPN1	11.58324891	12.02501518	11.99986322	12.32037818	12.47013259	12.44190134	12.42762613	12.47504865	12.67659871	12.2781165	12.35738753	12.16029435	12.17941298	11.988958	12.02345746
PTPN2	10.7209123	10.22293431	10.18629068	9.884890225	9.836628422	9.768543514	9.652353709	9.52312789	9.663381786	9.730971748	9.674117873	9.659938137	9.603273856	9.624102012	9.749869933
PUM1	12.56263496	12.71090366	12.70231854	12.65004199	12.57358422	12.57826341	12.64426538	12.57269133	12.43045575	12.49669087	12.5056746	12.51420857	12.5552175	12.5869179	12.58575985
PUM2	12.52808068	12.45273948	12.47613658	12.35843837	12.32199516	12.32988053	12.37229742	12.26711838	12.38059934	12.24851151	12.16064637	12.22257744	12.10534623	12.14045113	12.19515234
PUM3	10.99462479	11.01862886	10.89192012	10.80792475	10.672003	10.46756956	10.27321527	10.06012288	10.21763945	10.48891448	10.2282764	10.18240525	9.992341949	9.990650631	9.921167429
PUS7	11.42288787	11.27983401	11.11932697	10.83244531	10.56899034	10.49221976	10.38457861	10.24410485	10.20879882	10.28693245	9.980131175	9.984518861	9.694350854	9.704566976	9.644078309
PYM1	10.64477545	10.2121689	10.31800372	10.24327558	10.14179218	10.08836152	10.00108587	9.857248775	9.787685327	9.542207156	9.567640758	9.444619859	9.430954313	9.426885114	9.337544504
QRSL1	10.29872447	10.37796771	10.32522248	10.2651851	10.23711261	10.18389748	10.09363782	10.05083788	10.22059922	10.14632306	10.14188601	10.12897114	10.10959257	10.05987067	10.13753249
RACK1	15.74440045	15.26313105	15.26132823	15.22433934	15.22695937	15.27976011	15.29280251	15.34291192	15.16044854	15.18527306	15.16991693	15.15291456	15.13347673	15.10368117	14.92734851
RARS2	10.81275761	10.54424644	10.63126891	10.57545856	10.51660448	10.54968902	10.4898295	10.54511448	10.70206655	10.61023258	10.56219047	10.59196536	10.47495098	10.52262504	10.56811909
RBM24	7.270082527	7.497855887	7.412699926	7.795406326	7.975797124	8.11257762	8.171392972	8.133533409	8.124201593	8.178854173	8.062963463	8.126658698	7.939702733	8.016161582	8.113015969
RBM4	11.99599239	12.47679869	12.47951807	12.50177727	12.47813782	12.52115869	12.50487947	12.46244666	12.52810785	12.37300431	12.53941337	12.39368611	12.54301809	12.44465179	12.40879391
RETREG1	6.996648714	7.507458239	7.524259	7.49509039	7.564918226	7.47439571	7.572626176	7.629149469	7.730253107	7.771063066	7.824060172	7.898974528	7.994897957	8.137896314	8.123191595
RGS2	8.52757249	8.702486444	8.715064838	8.618388362	8.740030476	8.914955518	8.889875058	8.854140282	9.053728235	8.679921184	8.90064702	8.82651582	9.090864536	9.206375401	9.479891722
RHBDD1	9.490937667	9.461351215	9.517629012	9.545864125	9.553237741	9.451817013	9.466540167	9.469494381	9.31720633	9.323495784	9.311785915	9.26509687	9.207869474	9.303373357	9.311952815
RIDA	9.600750585	9.322803472	9.313320579	8.96995165	8.821549877	8.854795007	8.906287168	8.852505698	8.697897126	8.687966717	8.699539117	8.665571247	8.693556769	8.659734232	8.674494305
RIPK2	9.703193093	9.923297019	9.494473045	9.333721865	9.19612743	9.053399219	9.043232572	9.053216031	8.999925503	9.243840978	9.1927999	9.115544492	8.982410556	8.97273785	9.052965106
RMND1	10.299795	10.00707303	10.01947002	9.777323328	9.788912177	9.713608227	9.766260719	9.674054372	9.835293124	9.823925437	9.838096788	9.735678886	9.751814276	9.75121206	9.867304124
RNF121	10.08735433	10.17189938	10.08040642	10.03634062	10.0286423	10.03470529	9.99156589	9.887373483	9.958107871	10.0273135	10.05348462	9.912427697	9.949065368	9.949999789	9.967166673
RNF126	10.4360669	10.54691286	10.47203568	10.42738146	10.44640861	10.29412239	10.26368002	10.35471194	10.35119427	10.37033401	10.28030249	10.35392017	10.28782591	10.22232163	10.18143196
RNF139	10.25401493	9.711724253	9.853627993	9.692162578	9.705313069	9.706982233	9.822414091	9.778560397	10.1186809	10.01824193	9.897541051	10.07897522	9.92182731	10.07733892	10.17433037
RNF41	11.14718334	10.93173436	10.80174402	10.86497201	10.9565561	11.02907446	11.15829615	11.23544536	11.19505516	11.33650772	11.35947638	11.24991595	11.36226239	11.27947535	11.26709091
ROCK1	11.96190204	11.69919488	11.72555738	11.55478096	11.54034108	11.50549607	11.551096	11.47692457	11.59303585	11.60859578	11.48252073	11.45888703	11.38288397	11.39066733	11.46239452
ROCK2	11.85166734	12.11320964	12.04670889	12.28942742	12.27764743	12.11528421	12.09443626	11.95880759	11.87597957	12.02863528	11.7920753	11.86171886	11.72420245	11.71637705	11.78111646
RPL11	14.64952146	14.58526273	14.36320217	14.18465018	14.16664348	14.15680874	14.20126918	14.15244085	14.05406494	14.00868058	14.02754202	14.00037143	13.99641767	13.95121233	13.85412193
RPL13	15.30767585	14.96674398	14.91253851	14.78575645	14.80506907	14.82956718	14.80942638	14.83193443	14.63908153	14.60726909	14.63151254	14.59775735	14.66802353	14.6325743	14.43112425
RPL15	15.81445179	15.41287693	15.27769417	14.94463689	14.91414584	14.91941238	14.96541003	14.93296351	14.89030708	14.89134822	14.9021936	14.93076962	14.90097165	14.88731127	14.80047053
RPL19	15.00004211	14.86810898	14.84173763	14.72435834	14.68667537	14.66601591	14.68696119	14.64337659	14.50237797	14.52685244	14.52833003	14.48014559	14.50711908	14.42686735	14.31621002
RPL22	13.86433516	13.5039428	13.51749543	13.26946025	13.25385322	13.29823136	13.24948091	13.20914109	13.28073993	13.1328667	13.15491709	13.12496865	13.05966375	13.07141251	13.0728352
RPL23	14.83214112	14.57645386	14.4363113	14.31936889	14.31245876	14.3317618	14.38121995	14.37807508	14.28066112	14.29145375	14.29465704	14.27020783	14.2842813	14.24634016	14.10919258
RPL24	14.52090598	14.30962301	14.10667961	13.94547225	13.87303927	13.90598273	13.94950199	13.90877756	13.83104042	13.81987019	13.81995997	13.7916931	13.77722953	13.75711695	13.59035469
RPL26	14.65815454	14.49919409	14.31964184	14.04796414	13.96025329	13.93199445	13.95713176	13.88712005	13.73983382	13.77027772	13.76740851	13.72015084	13.70695153	13.64941456	13.51915951
RPL28	14.14849375	13.79273799	13.74730126	13.63938372	13.64296242	13.63594683	13.64353497	13.64229767	13.55175921	13.54147556	13.59057261	13.53196036	13.61148857	13.48169436	13.35435543
RPL29	14.72305326	14.38058307	14.29331647	14.22433906	14.25450638	14.27978369	14.31132448	14.32711092	14.19268745	14.2120413	14.20489129	14.1833786	14.19038708	14.12209953	13.98280946
RPL3	16.3952622	16.1074204	16.11294571	15.87415672	15.87616871	15.88941613	15.86508804	15.86773267	15.75735042	15.69854313	15.7208489	15.68908039	15.6834647	15.65952059	15.51883607
RPL30	13.98312898	13.867813	13.82035657	13.74672439	13.69167423	13.68753407	13.68826223	13.60768614	13.61869999	13.4981479	13.53358562	13.44309122	13.48137524	13.41100233	13.31169504
RPL32	14.65827887	14.52004493	14.38859252	14.28287851	14.25486462	14.26085154	14.28136108	14.25466257	14.12655603	14.1120087	14.14659661	14.08717776	14.10891706	14.05351198	13.93292741
RPL34	13.49050656	13.31890237	13.13015207	12.97558048	12.93912081	12.98340497	13.05265702	13.0197626	12.91384766	12.91355026	12.93117584	12.85145037	12.89020765	12.82900231	12.74859496
RPL35	13.79395047	13.77615576	13.66265794	13.58910106	13.52329448	13.45056135	13.43560449	13.28120395	13.17392468	13.20224859	13.18366115	13.1229256	13.1223369	13.02265293	12.87500674
RPL36	13.4218148	13.17315732	13.06925011	13.00160277	12.99712433	12.9845696	12.97086948	12.90580549	12.78173858	12.83627676	12.86480296	12.82457567	12.87970986	12.79643315	12.63002175
RPL37	14.49414994	14.43422803	14.31342404	14.19348359	14.17002338	14.16878744	14.21880419	14.20408511	14.12654696	14.09844737	14.14731332	14.10838825	14.10787726	14.06766872	13.94541886
RPL38	13.36299849	13.1617351	13.08639511	12.96792379	12.9641406	12.92426389	12.944035	12.94131425	12.87911883	12.90617811	12.94405316	12.86431997	12.90105589	12.8834442	12.7777336
RPL4	16.13955797	15.80592429	15.86483844	15.77429871	15.72681921	15.74668457	15.73162851	15.71991578	15.63671012	15.59174022	15.57370279	15.53612463	15.53180431	15.47680839	15.35301439
RPL6	15.52219339	15.44763852	15.42477098	15.29187135	15.24298381	15.27492654	15.28818679	15.28774941	15.20141326	15.14642281	15.12910801	15.091009	15.0914456	15.05615785	14.96013791
RPL7	15.53468778	15.11383343	15.01280623	14.8144982	14.74615593	14.77684503	14.76950827	14.74535704	14.75076835	14.7982922	14.75538566	14.72996298	14.67660367	14.68487015	14.6387466
RPL8	15.50101874	15.3279132	15.25035124	15.12045458	15.05032237	15.02860135	14.97640461	14.92917976	14.80955983	14.78427704	14.7943726	14.75307809	14.76732665	14.70284808	14.52277069
RPLP0	16.49117287	16.33839605	16.34106621	16.00944701	15.92105627	15.90049272	15.85070709	15.73370177	15.59127556	15.531481	15.51732619	15.43174097	15.41559504	15.35879269	15.21243761
RPLP1	14.93517415	14.83349712	14.72132494	14.39052469	14.34012035	14.25317592	14.23513166	14.12714303	13.97583735	13.98776961	14.00004294	13.92695083	13.98791516	13.90912632	13.79097653
RPLP2	13.40623681	13.33357883	13.25395139	13.15457812	13.13266971	13.1005461	13.08632288	13.04539271	12.88286354	12.89935974	12.89304471	12.80234929	12.87592435	12.75312204	12.63226866
RPS11	14.84048287	14.81628001	14.88532403	14.92818126	14.88449692	14.9676333	14.99887975	14.97984698	14.91243109	14.67902771	14.76698546	14.74014516	14.76885969	14.74934158	14.60298365
RPS13	13.82033262	13.600936	13.53809895	13.32178283	13.24514961	13.28188016	13.30248569	13.25189686	13.24925294	13.16797083	13.14227022	13.08265084	13.04938399	13.01251901	12.98596351
RPS14	14.60902556	14.4455601	14.39564456	14.22792481	14.20357082	14.20598053	14.21951181	14.18017892	13.99615103	14.02477315	14.03718802	13.99729355	13.95770309	13.97553806	13.83654868
RPS15	14.01442755	13.9730826	13.95918687	13.81985935	13.79762512	13.75394676	13.66823323	13.5822084	13.41280109	13.41801418	13.42004347	13.38238864	13.38988179	13.36837192	13.21084584
RPS16	14.39351303	14.20985596	14.13661871	13.98900342	13.94402761	13.90569581	13.88822003	13.80028238	13.61223654	13.60324797	13.57364342	13.53394697	13.50753765	13.43310426	13.27124941
RPS17	14.65562258	14.68807333	14.45265716	14.20073344	14.10737491	14.07821288	14.10410383	14.00274423	13.84522236	13.87231744	13.84258623	13.82126786	13.759492	13.7047706	13.58229619
RPS18	15.41532712	15.13234828	14.95907271	14.75853592	14.71159574	14.70790541	14.72935081	14.64472787	14.50127585	14.53145939	14.52888304	14.47957311	14.40684714	14.40863408	14.25247387
RPS19	14.76886325	14.80486724	14.68944649	14.61901305	14.64204728	14.67394574	14.63907004	14.63765307	14.40691442	14.37716406	14.35067819	14.30089815	14.31582706	14.23448532	14.04816694
RPS2	16.34780247	16.18684637	16.14083622	15.77342502	15.68772504	15.61845553	15.49736122	15.41636133	15.2904276	15.30919028	15.3261495	15.21946446	15.19822729	15.12278022	14.96717593
RPS21	12.63418737	12.68894984	12.64643054	12.52938598	12.51012988	12.45597701	12.45583013	12.37745512	12.1820461	12.24603742	12.26481882	12.14595917	12.19323177	12.09863185	11.96330956
RPS28	13.30540752	13.05254219	12.94208156	12.76003105	12.75446819	12.77135691	12.72679106	12.70089333	12.5852183	12.59519769	12.6048587	12.62144525	12.63363962	12.56425406	12.41485138
RPS5	14.14258573	14.03906951	13.98782744	13.88544002	13.85022264	13.77983272	13.77352427	13.65045497	13.56013687	13.58077879	13.58745034	13.51720236	13.52855987	13.43636198	13.31429987
RPS6	15.89852894	15.6770276	15.57892164	15.34001793	15.27951165	15.28633625	15.29582316	15.21852108	15.10114162	15.06480606	15.06104601	15.00464339	14.9895503	14.94269945	14.77977922
RPS7	14.91007554	14.71163237	14.60573208	14.45445922	14.35955291	14.34725131	14.38993534	14.29436126	14.11429123	14.13435921	14.07279317	14.1119865	14.04788855	14.05410119	13.89566803
RPS8	15.38388825	15.30617522	15.20650325	14.97129225	14.92299398	14.91964216	14.94033917	14.8790484	14.70590217	14.64095102	14.62879377	14.56743439	14.56314953	14.51702572	14.3726985
RPS9	14.31543992	14.16484038	14.08596095	13.92146891	13.90070093	13.89742439	13.88068578	13.79184714	13.6951367	13.63290212	13.67015772	13.6295125	13.66644049	13.60793104	13.49300336
RPUSD3	10.16501248	9.896101075	9.961337877	9.807730006	9.836835056	9.873570868	9.856670769	9.929818642	9.797970865	9.811989143	9.873441719	9.734744837	9.848493845	9.77869941	9.730504855
RPUSD4	10.74033158	10.4829589	10.50158564	10.37044266	10.31708286	10.27829971	10.18644915	10.158981	10.30658376	10.03870845	10.17491072	10.01258769	10.09357964	9.945771907	9.953005784
RWDD1	10.36943584	9.934544985	10.11623939	10.07090354	10.1258182	10.11927708	10.21408303	10.21427948	10.29083225	10.20050136	10.24135863	10.21292029	10.12265821	10.16236003	10.22574466
SARNP	11.50755076	11.29489782	11.41107885	11.45116025	11.40409124	11.38928054	11.40913269	11.35176171	11.38894885	11.33284409	11.36659711	11.30866567	11.29658832	11.25438643	11.24819765
SARS2	9.995162168	10.14774989	10.18227927	9.96225752	9.761529303	9.663521283	9.508644598	9.495797109	9.483428966	9.271983894	9.415812847	9.32035062	9.325348824	9.319913141	9.338685912
SECISBP2	11.73790302	11.84611372	11.76636498	11.90401195	11.76514677	11.68580534	11.66354293	11.57315041	11.76795602	11.46081383	11.47532664	11.36956702	11.35315313	11.27726278	11.28031926
SELENOS	9.846700348	9.703075519	9.686156661	9.849557349	9.928139422	9.891326941	9.891601252	9.914113993	9.985756987	10.1231046	10.12854596	10.0966449	10.16810684	10.1091474	10.12825639
SEPSECS	8.993630834	8.923975076	8.725077402	8.559995255	8.609171435	8.684933666	8.721598224	8.702681429	8.673744857	8.654643124	8.5879456	8.562982228	8.474695851	8.627706154	8.730218036
SERP1	12.01872173	11.64040963	11.81849165	11.73855424	11.79883191	11.69525257	11.67852633	11.52958782	11.64131695	11.63303342	11.54144791	11.5952214	11.41777007	11.46953612	11.54705747
SERP2	7.262564494	7.241834244	7.134716734	7.108742864	7.192818988	7.327444245	7.260649543	7.304550117	7.221215868	7.148677203	7.219881082	7.071325822	7.163812845	7.043267645	7.017672488
SESN2	10.7026719	10.36663036	10.23461429	10.92232851	10.94712211	11.08531677	10.96930502	11.08086258	10.8282653	11.30124408	11.22878139	11.08023895	11.0825358	10.98590965	10.97047016
SHFL	7.13343807	6.743911587	6.574160422	6.657766426	6.761951156	6.779878394	6.999150649	7.164196884	7.134687817	7.276815657	7.225963685	7.513258768	7.499557735	7.583637636	7.653338894
SHMT1	11.00775444	10.90625498	10.85620707	10.48034164	10.19775476	10.0518192	9.860810985	9.749233036	9.63593379	9.681291317	9.585427783	9.626267691	9.542772003	9.567649837	9.40390898
SHMT2	13.27474972	12.11724849	12.28598949	12.42502373	12.34978444	12.13889066	12.12389799	12.19044051	12.00946609	12.27141424	12.26918263	12.15797787	12.07754383	11.98739117	11.89477107
SMURF1	10.76463378	11.29985216	11.14397166	11.29085653	11.28386576	11.27987791	11.39400661	11.32542607	11.42648656	11.29885333	11.17300233	11.18535493	11.17606591	11.08166363	11.02134779
SOX4	11.83505331	13.17710985	13.4186156	13.410112	13.54138717	13.68880187	13.79264668	13.86176923	14.04294795	13.40741046	13.62844788	13.45836807	13.60683328	13.46079589	13.59565026
SPTLC1	11.02542626	10.8735496	10.85187046	10.69745157	10.64350631	10.63198415	10.58525377	10.5066168	10.58513472	10.58444719	10.55569311	10.57195946	10.55367292	10.56646391	10.60930938
SPTLC2	11.0149857	10.08115905	10.24431983	10.73958073	10.99353891	11.17787677	11.37407327	11.43928977	11.32744193	11.29877423	11.25829221	11.23872684	11.34868737	11.39862166	11.46015065
SQSTM1	10.76860288	10.70954366	10.66934796	11.20623108	11.64662928	11.44795648	11.52087198	11.58972259	11.77524993	12.3377692	12.3559847	12.31347181	12.322907	12.21442493	12.32835537
SRBD1	10.59470533	10.63506538	10.51643513	10.28182221	10.33730855	10.28038202	10.2940335	10.24559803	10.17604869	10.25859239	10.19876833	10.20957716	10.13409872	10.2174715	10.23947504
SREBF1	11.65423899	10.61903402	10.63055567	10.95158376	11.11341684	11.34550118	11.46540175	11.68779295	11.40652416	11.47593014	11.47264736	11.41401512	11.4141445	11.29186232	11.295206
SRP9	12.98437871	12.71413087	12.80256432	12.73955467	12.73049097	12.75401924	12.71437912	12.64409214	12.9616577	12.73909579	12.64480115	12.82331061	12.59421857	12.63982034	12.75809541
ST13	13.87184773	13.56565667	13.59375863	13.64769713	13.64114529	13.65744161	13.64799479	13.63673701	13.67364614	13.64334719	13.68153983	13.64972585	13.64158265	13.61853684	13.6230936
STAT3	12.13606102	11.52998803	11.31533871	11.27267629	11.30909638	11.33566644	11.49153633	11.80356229	11.82393854	12.47329064	12.59621988	12.72039912	12.90055379	12.97693727	13.13652122
STBD1	7.235769315	7.347857375	7.216874019	7.374690583	7.656669361	7.699989548	7.872148737	7.374491719	7.347374602	7.481417705	7.351742241	7.460083702	7.331557323	7.24385216	7.299342371
STING1	6.737353476	6.263344712	6.263344712	6.263344712	6.422959523	6.574365281	6.346702516	6.44806865	6.263344712	6.424884621	6.451907473	6.449712041	6.519238668	6.603784907	6.666161925
STUB1	10.51469062	10.66176612	10.63270298	10.61172663	10.62193104	10.54056957	10.64558033	10.64147249	10.56852586	10.69148756	10.72480336	10.74044267	10.76962028	10.73336054	10.65252754
SVIP	8.966497941	9.526355054	9.188327428	9.267775015	9.186904159	9.157621621	9.192781025	9.223333494	9.31981474	9.173120739	9.149107254	9.321172609	9.129613056	9.157039007	9.14028511
SYNCRIP	13.29555661	13.24875878	13.28229353	13.28587132	13.1691912	13.10098861	13.00100283	12.8532126	13.21303403	13.15527518	13.05924975	13.03061824	12.89371408	12.90610884	13.0128745
SYVN1	10.09481953	10.16372786	10.22004578	10.19071564	10.29831139	10.33761565	10.31228777	10.40066017	10.31477768	10.28826313	10.50224275	10.39880864	10.54308164	10.51114731	10.50317251
TACO1	9.777437828	9.975011162	9.865227876	9.804427631	9.722623685	9.742072262	9.693051962	9.622936129	9.693177467	9.64043859	9.656559624	9.508824225	9.647421919	9.554800611	9.538672245
TARBP2	10.22188219	10.43461312	10.47236199	10.27292405	10.25330748	10.14395523	10.09380061	10.03918632	10.00607967	10.06646436	10.11137748	10.03210881	10.22648481	10.11409982	10.11450828
TARDBP	13.03738216	13.40779467	13.38918976	13.33190007	13.18841783	13.2119042	13.03387501	12.87391835	12.99641749	12.86596337	12.85300589	12.81936719	12.74877961	12.75031539	12.73398969
TARS2	10.45572158	10.32138439	10.25411977	10.08326969	10.13350731	10.16750846	10.15564192	10.16097032	10.01643474	10.02488396	10.19004711	10.05036814	10.17289026	10.16489791	10.10342799
TBK1	10.26353039	9.732619994	9.674417583	9.807389047	9.829115689	9.879490986	9.853989281	9.833451294	9.875686578	9.968377806	9.894871853	9.896476916	9.807692522	9.716611234	9.760961309
TBL2	10.60822389	10.55055731	10.55362202	10.48710553	10.41723717	10.49934111	10.47515568	10.49380766	10.45039848	10.54284073	10.51009838	10.48921467	10.50125591	10.50816344	10.45344047
TCOF1	13.2779084	13.3759057	13.13791666	12.9611842	12.88784292	12.78156389	12.59731957	12.49190314	12.20608975	12.34240562	12.22243822	12.09720233	12.05030409	12.08763487	11.8692236
TEX264	8.070580877	8.025097064	8.150767343	8.59941311	8.786033418	8.848525512	8.910331938	9.04621032	9.048891581	9.231134539	9.391230779	9.279689334	9.384035737	9.433488268	9.453121237
THBS1	8.732675448	9.649866315	8.676721573	10.84341388	11.50685017	10.94091475	10.92421532	10.76721029	10.70262372	11.7416926	11.60567519	11.70013678	11.51417532	11.34779442	11.43424307
TIA1	12.07682667	12.35362448	12.45719796	12.24700488	12.24060531	12.30969346	12.34469032	12.36484395	12.3693363	12.1965986	12.30069548	12.22749901	12.24677827	12.24569561	12.39289135
TIGAR	9.982897145	9.560634744	9.354684825	9.776143239	9.857711517	9.956535225	9.954149042	9.884309153	9.883727907	10.23314769	10.02016007	10.003846	9.906898036	9.870956244	9.966466227
TMA7	12.20279024	12.51803219	12.38735512	12.30917429	12.27034264	12.17675398	12.13341229	11.95599782	11.9734348	11.99296674	12.03745828	11.96724958	12.01484685	11.93520392	11.91309907
TMED2	12.47491811	11.97010058	11.94796693	12.04870269	12.08565684	12.11622762	12.1467133	12.16379458	12.32345993	12.48642389	12.40434928	12.48861309	12.41251602	12.4235977	12.45379554
TMEM129	10.56152487	10.36961161	10.27182787	10.18072652	10.24598375	10.27371831	10.21236588	10.34965928	10.21532527	10.27502349	10.31534098	10.35506222	10.35182351	10.42752222	10.35596358
TMEM33	10.91956788	10.97095268	11.13100617	11.24614821	11.26597969	11.24983804	11.30372011	11.20594992	11.47245053	11.33674905	11.26872145	11.25909496	11.16903653	11.18209005	11.26657638
TMTC4	10.57727771	11.68037954	11.95054301	11.86653264	11.8152157	11.80686268	11.78711546	11.82585701	11.93721373	11.56497232	11.69726797	11.86439966	12.0220214	12.1746693	12.20669989
TOB1	9.878423574	9.490058299	9.521249422	9.719100221	9.70208681	9.956550289	10.00032429	10.00279812	10.02440155	10.28024796	10.24549061	10.29971814	10.38178674	10.37999732	10.47723596
TOMM7	11.09105959	10.78295042	10.56780399	10.44269103	10.49995658	10.50005542	10.58585596	10.56016976	10.58791724	10.56626558	10.65289957	10.64636007	10.72496266	10.72697355	10.57810438
TPR	13.41564121	13.51026795	13.55833477	13.39249381	13.34026688	13.28536412	13.2773495	13.06337985	13.12076476	13.07570978	13.00163586	12.9453477	12.91233383	12.93715143	12.94605312
TRAP1	12.4804107	12.40845836	12.27009796	12.23299989	12.13057546	12.1311996	12.02824647	12.04425554	11.90827481	11.92590989	11.84172928	11.81832668	11.75103246	11.69597928	11.51613047
TRIM71	14.41500419	14.65872938	14.30883987	13.91463345	13.69191919	13.35141592	13.14179867	12.61795947	12.49927636	11.7194227	11.37137366	11.05186643	10.73034297	10.45564222	10.0719801
TRUB2	10.37594109	10.60324267	10.50483703	10.37954249	10.38124794	10.38294054	10.28581989	10.22960276	10.34198925	10.26034675	10.36735501	10.25528377	10.36299069	10.29551269	10.27422293
TSC1	11.17835479	11.34873507	11.26267686	11.24978671	11.29887896	11.31632568	11.35379109	11.24501706	11.36248743	11.31403858	11.34095705	11.2758116	11.33299308	11.290091	11.3150697
TSFM	10.01967399	10.11852022	10.03378109	9.839073015	9.836870278	9.765656209	9.681400673	9.720104746	9.743689494	9.675000062	9.699774171	9.685211101	9.69009348	9.685897091	9.585618602
TSPO	7.920481211	6.951841892	7.083595618	7.204717318	7.328572755	7.43758521	7.574820117	7.85345526	7.271445736	7.997505768	7.743663785	7.998305388	7.917815914	7.891449004	7.702294812
TUFM	12.57946507	12.54249531	12.56849022	12.52692377	12.5550889	12.50750164	12.48683118	12.46617677	12.40979104	12.30673778	12.36089862	12.28004992	12.35116793	12.26157562	12.15012927
TYMS	13.48896997	13.81937695	13.54851022	13.35706106	13.19126726	13.08023155	12.8806906	12.6806132	12.58849319	12.6744986	12.48445591	12.52522756	12.32473188	12.41742351	12.17478918
UBA5	10.74362505	10.30792913	10.35241174	10.349133	10.44555566	10.48518131	10.58761446	10.58403332	10.69730005	10.60055744	10.57401894	10.6752455	10.58229281	10.6055831	10.73366936
UBA52	13.41146405	13.47810793	13.3964976	13.29416703	13.29765122	13.24635925	13.27306155	13.23433787	13.19658395	13.14759829	13.20722298	13.09562978	13.18936848	13.04126243	12.94649284
UBAC2	11.45924606	11.036886	11.09734876	10.90700117	10.89591844	10.98138947	10.9357841	10.87441491	10.82289202	10.80651045	10.80275196	10.81324102	10.89054548	10.90954042	10.87625919
UBQLN1	12.65215368	12.39333187	12.4394205	12.66926588	12.69245747	12.78725285	12.82838292	12.83873792	12.88028193	12.856298	12.80576	12.75044433	12.70236057	12.68602813	12.65448651
UCN	7.034028763	6.818782876	6.872109102	6.796979022	6.807166712	6.865138276	6.886504917	6.837458548	6.899101529	6.896112285	6.971808537	6.952110589	6.944167175	6.937858943	6.958459114
UFC1	11.0810677	11.10779319	11.03240554	10.75466546	10.70279769	10.65719168	10.60415662	10.67297503	10.76322091	10.73804602	10.91509999	10.86111465	11.02790601	10.97187667	10.96144265
UFD1	10.66088184	11.13159382	11.16161516	11.16104655	11.09073678	11.03518419	10.94985083	10.79116856	10.96512834	10.96636415	10.95482847	10.8657699	10.90424469	10.79759795	10.83942725
UFL1	10.2968024	9.951917841	9.816741102	9.808558407	9.932078523	9.941501461	9.951708538	10.00893262	10.20260348	10.17412371	10.12257329	10.25428954	10.04599542	10.12224829	10.24996413
UFM1	10.49556129	10.23479915	10.29527471	10.34322948	10.42337693	10.43354829	10.4344467	10.45718663	10.75148381	10.73110215	10.59753668	10.65175992	10.48182273	10.53815156	10.70473868
UHMK1	10.24799667	10.56706441	10.72273849	11.07366637	11.171173	11.18331415	11.2608501	11.08729376	11.27538581	11.2376324	11.13823288	11.12838367	10.91187532	10.96942221	11.11972418
UNK	10.54866088	10.81404905	11.04637793	10.90291539	10.75376148	10.74783129	10.76935086	10.82208889	10.73611635	10.56752805	10.67867185	10.74604056	10.75615741	10.83660959	10.77119638
UPF1	11.96958663	12.48742618	12.36069614	12.35729221	12.37205241	12.33741609	12.21779741	12.06589602	12.10278779	12.09873015	12.11639481	12.02403602	12.14065956	12.07838801	11.99756732
UQCC1	10.90818129	10.8224264	10.74169906	10.75847004	10.70974416	10.75290773	10.6751996	10.67760605	10.72605713	10.58767926	10.63582355	10.51245588	10.62386038	10.51426795	10.52488923
UQCC2	10.59113721	10.975279	10.88440684	10.6838777	10.649871	10.50910575	10.47534356	10.41674557	10.31640449	10.28867136	10.32458413	10.30175614	10.31536974	10.30465972	10.30712241
USP16	10.68501206	10.52657364	10.52035123	10.42283678	10.4251763	10.21288867	10.25442403	10.19056531	10.55723615	10.47606894	10.43293566	10.52715612	10.36670173	10.44525368	10.62554902
USP30	10.03504028	9.704525416	9.704852378	9.71862416	9.73957895	9.97210578	9.989424599	10.18735002	10.14828759	10.08497079	10.23591668	10.13102942	10.29482422	10.27820966	10.35421511
VAPB	11.87230134	12.03725902	11.93326963	11.89780806	11.87767818	11.89067075	11.97365144	11.98242413	12.08905903	11.9422633	11.94572873	11.93885757	11.88227118	11.86052454	11.8897306
VARS2	10.88146279	10.99925268	10.9032487	10.62966338	10.54923285	10.4722475	10.41586682	10.46296666	10.34649578	10.29192124	10.54166351	10.4351951	10.44535748	10.49776913	10.52987945
VCP	14.08455357	14.2474444	14.35176129	14.47484668	14.43186584	14.40299007	14.29562022	14.29865942	14.27628256	14.27892902	14.31781463	14.15575692	14.26055811	14.13433265	14.1187022
VDAC1	13.08840902	12.70974988	12.83088077	12.89201811	12.8547631	12.9130658	12.85582046	12.84817865	12.82127842	12.93431356	12.78076128	12.72911101	12.61834904	12.58516693	12.49753332
VIM	15.01626218	14.88137365	15.56409441	16.12624896	16.18869674	16.17543137	16.16865659	16.3115287	16.10978829	16.76459018	16.49459756	16.69687945	16.55540352	16.72222773	16.48424694
WARS2	9.732870567	9.404318312	9.288563267	9.162067263	9.081532663	8.980277183	8.894567842	8.822865831	8.930452495	8.8466408	8.916886199	8.83959787	8.835987198	8.883481465	8.880555181
WDFY3	11.09564761	11.42379459	11.6882011	12.01045474	12.17553265	12.09742218	12.37826291	12.10219379	12.16283374	11.93666164	11.93488757	11.79676808	11.94989251	11.88716169	12.01190863
WDR81	10.07303408	10.20879802	10.20415961	9.895675266	9.858558052	9.829973468	9.598223973	9.454479576	9.606974718	9.562659272	9.669514201	9.608549691	9.792671884	9.782198871	9.788107557
WFS1	10.52044827	10.407177	10.40805051	10.41101717	10.35276462	10.39763156	10.35105431	10.40631125	10.23626417	10.36932833	10.43393116	10.50319057	10.70408247	10.7241039	10.72010548
WIPI2	11.17635024	11.84308409	11.83321818	11.75085447	11.71856615	11.78264051	11.73808295	11.71550683	11.81212346	11.59130747	11.68598239	11.6390595	11.76222749	11.73627284	11.70739863
XBP1	11.4463969	11.18094496	11.40095328	11.30383696	11.29764048	11.33946464	11.20492611	11.20954485	10.79310303	11.35479526	11.34753855	11.19356436	11.32851925	11.39968091	11.37648986
XRN1	9.749050509	9.931142456	9.847346139	10.08208938	10.10282193	10.14045414	10.31836447	10.20632269	10.32060099	10.29907624	10.19556966	10.28229373	10.19577941	10.15679438	10.37292222
YARS2	10.23080426	10.03761793	9.883629056	9.845310554	9.785054039	9.728779336	9.664632926	9.581371335	9.525361971	9.65002508	9.604504467	9.466886885	9.468342045	9.408606262	9.435489259
YBX2	9.054019607	7.746672689	7.331822594	7.151628743	7.140789561	7.154024247	7.317486275	7.516992419	7.200758456	7.351606897	7.550226997	7.804409295	7.832989686	8.013242198	7.938801905
YOD1	9.273369224	9.285970308	9.279611846	9.440383167	9.453067083	9.553513969	9.630667743	9.517860585	9.822483883	9.80436818	9.730204415	9.714591528	9.585136912	9.599363205	9.628364059
YTHDF1	11.64978314	11.67158328	11.56655578	11.65611137	11.52499804	11.48922197	11.4408428	11.43941558	11.4220251	11.42209109	11.38514543	11.43812813	11.41560382	11.42523853	11.37205562
YTHDF2	12.77112967	12.79065905	12.73093643	12.57542706	12.47225718	12.46791794	12.43563262	12.52140011	12.54483003	12.39445087	12.40668821	12.38966724	12.36567563	12.32382793	12.31033592
YTHDF3	12.02018922	11.91170806	11.94288859	11.96477447	11.90226467	11.93836935	11.92492276	11.85751608	11.98404973	11.89348073	11.92993571	11.91145599	11.89418285	11.89946084	11.96317281
ZAR1	6.371798723	6.426698838	6.322682202	6.263344712	6.395246108	6.263344712	6.263344712	6.545348294	6.313533697	6.317084825	6.317615642	6.338723714	6.332945261	6.263344712	6.263344712
ZCCHC4	9.113502253	8.985056033	9.005769578	8.961321696	8.820945725	8.918792746	8.968420672	8.913889335	8.809619882	8.794774277	8.776744387	8.723826359	8.658217242	8.761332025	8.719642619
ZFP36	7.384175272	7.331807532	7.15672539	7.654460823	7.767818338	7.663275046	7.738348352	8.049860019	7.80973048	8.524361838	8.527138345	8.587574018	8.670960144	8.654302488	8.692253988
